ticker,created_time,price,count,taker_side,trade_id,event_ticker,category,event_time,created_time_dt,event_time_dt,seconds_before_event,minutes_before_event
KXKLEAGUEGAME-25NOV09ULSSFC-SFC,2025-11-09T09:36:06.283496Z,0.01,93,yes,df4446f0-28b9-51bd-52be-22cdae60b529,KXKLEAGUEGAME-25NOV09ULSSFC,Sports,2025-11-09T09:39:49.865936Z,2025-11-09 09:36:06.283496+00:00,2025-11-09 09:39:49.865936+00:00,223.58244,3.726374
KXKLEAGUEGAME-25NOV09ULSSFC-SFC,2025-11-09T09:34:16.916477Z,0.01,943,yes,1b209d68-ab61-7c71-c27b-9ed9cf4bc5a9,KXKLEAGUEGAME-25NOV09ULSSFC,Sports,2025-11-09T09:39:49.865936Z,2025-11-09 09:34:16.916477+00:00,2025-11-09 09:39:49.865936+00:00,332.949459,5.54915765
KXKLEAGUEGAME-25NOV09ULSSFC-SFC,2025-11-09T09:29:27.218689Z,0.01,467,yes,dc5bee59-4625-6305-d8d6-3a1b2488238d,KXKLEAGUEGAME-25NOV09ULSSFC,Sports,2025-11-09T09:39:49.865936Z,2025-11-09 09:29:27.218689+00:00,2025-11-09 09:39:49.865936+00:00,622.647247,10.377454116666666
KXKLEAGUEGAME-25NOV09ULSSFC-SFC,2025-11-09T09:28:52.187746Z,0.01,935,yes,68c7a839-5595-7469-5d2b-81b4895bd6c5,KXKLEAGUEGAME-25NOV09ULSSFC,Sports,2025-11-09T09:39:49.865936Z,2025-11-09 09:28:52.187746+00:00,2025-11-09 09:39:49.865936+00:00,657.67819,10.961303166666665
KXKLEAGUEGAME-25NOV09ULSSFC-SFC,2025-11-09T09:23:35.421643Z,0.11,8,yes,e35051ef-c277-757d-4f0f-75a061778e24,KXKLEAGUEGAME-25NOV09ULSSFC,Sports,2025-11-09T09:39:49.865936Z,2025-11-09 09:23:35.421643+00:00,2025-11-09 09:39:49.865936+00:00,974.444293,16.240738216666667
KXKLEAGUEGAME-25NOV09ULSSFC-SFC,2025-11-09T09:23:29.95849Z,0.01,6,yes,fa387bd6-4cf9-632e-c871-76852620e04b,KXKLEAGUEGAME-25NOV09ULSSFC,Sports,2025-11-09T09:39:49.865936Z,2025-11-09 09:23:29.958490+00:00,2025-11-09 09:39:49.865936+00:00,979.907446,16.331790766666668
KXKLEAGUEGAME-25NOV09ULSSFC-SFC,2025-11-09T09:23:29.95849Z,0.01,50,yes,d92175ce-93bb-68ab-de73-c7e0f29a5565,KXKLEAGUEGAME-25NOV09ULSSFC,Sports,2025-11-09T09:39:49.865936Z,2025-11-09 09:23:29.958490+00:00,2025-11-09 09:39:49.865936+00:00,979.907446,16.331790766666668
KXKLEAGUEGAME-25NOV09ULSSFC-SFC,2025-11-09T09:23:29.95849Z,0.1,12,yes,4a42e031-fa10-646a-f688-cc24d09515b7,KXKLEAGUEGAME-25NOV09ULSSFC,Sports,2025-11-09T09:39:49.865936Z,2025-11-09 09:23:29.958490+00:00,2025-11-09 09:39:49.865936+00:00,979.907446,16.331790766666668
KXKLEAGUEGAME-25NOV09ULSSFC-SFC,2025-11-09T09:23:29.95849Z,0.11,1,yes,3969972d-8da3-6d85-e42b-a2fefca55d1c,KXKLEAGUEGAME-25NOV09ULSSFC,Sports,2025-11-09T09:39:49.865936Z,2025-11-09 09:23:29.958490+00:00,2025-11-09 09:39:49.865936+00:00,979.907446,16.331790766666668
KXKLEAGUEGAME-25NOV09ULSSFC-SFC,2025-11-09T09:23:23.074884Z,0.01,31,no,2ab8daf2-ba64-72bf-7da3-64b796c676af,KXKLEAGUEGAME-25NOV09ULSSFC,Sports,2025-11-09T09:39:49.865936Z,2025-11-09 09:23:23.074884+00:00,2025-11-09 09:39:49.865936+00:00,986.791052,16.446517533333335
KXKLEAGUEGAME-25NOV09ULSSFC-SFC,2025-11-09T09:23:23.07449Z,0.01,19,no,ff1f3680-bee8-5a8b-7bab-b94a945eceab,KXKLEAGUEGAME-25NOV09ULSSFC,Sports,2025-11-09T09:39:49.865936Z,2025-11-09 09:23:23.074490+00:00,2025-11-09 09:39:49.865936+00:00,986.791446,16.446524099999998
KXKLEAGUEGAME-25NOV09ULSSFC-SFC,2025-11-09T09:23:01.674494Z,0.1,10,yes,b280e240-44b8-4c82-3db5-73d4a555bd67,KXKLEAGUEGAME-25NOV09ULSSFC,Sports,2025-11-09T09:39:49.865936Z,2025-11-09 09:23:01.674494+00:00,2025-11-09 09:39:49.865936+00:00,1008.191442,16.803190700000002
KXKLEAGUEGAME-25NOV09ULSSFC-SFC,2025-11-09T09:23:01.674494Z,0.09,40,yes,4467398a-ec66-4903-01b1-afbf391aa290,KXKLEAGUEGAME-25NOV09ULSSFC,Sports,2025-11-09T09:39:49.865936Z,2025-11-09 09:23:01.674494+00:00,2025-11-09 09:39:49.865936+00:00,1008.191442,16.803190700000002
KXKLEAGUEGAME-25NOV09ULSSFC-SFC,2025-11-09T09:23:01.674494Z,0.02,4,yes,3fd25360-d4ee-4074-2366-1b3e568c4e88,KXKLEAGUEGAME-25NOV09ULSSFC,Sports,2025-11-09T09:39:49.865936Z,2025-11-09 09:23:01.674494+00:00,2025-11-09 09:39:49.865936+00:00,1008.191442,16.803190700000002
KXKLEAGUEGAME-25NOV09ULSSFC-SFC,2025-11-09T09:21:53.774844Z,0.02,7,yes,4a7bd75e-bfea-58f9-f9f3-afddd08cc4be,KXKLEAGUEGAME-25NOV09ULSSFC,Sports,2025-11-09T09:39:49.865936Z,2025-11-09 09:21:53.774844+00:00,2025-11-09 09:39:49.865936+00:00,1076.091092,17.934851533333333
KXKLEAGUEGAME-25NOV09ULSSFC-SFC,2025-11-09T09:21:53.774844Z,0.02,39,yes,32a95584-ccd6-5858-e812-7c255b0bbbd0,KXKLEAGUEGAME-25NOV09ULSSFC,Sports,2025-11-09T09:39:49.865936Z,2025-11-09 09:21:53.774844+00:00,2025-11-09 09:39:49.865936+00:00,1076.091092,17.934851533333333
KXKLEAGUEGAME-25NOV09ULSSFC-SFC,2025-11-09T09:18:11.29519Z,0.01,39,yes,83a149cd-3031-4294-ab2c-5ae44f3d752b,KXKLEAGUEGAME-25NOV09ULSSFC,Sports,2025-11-09T09:39:49.865936Z,2025-11-09 09:18:11.295190+00:00,2025-11-09 09:39:49.865936+00:00,1298.570746,21.642845766666667
KXKLEAGUEGAME-25NOV09ULSSFC-SFC,2025-11-09T09:18:10.710193Z,0.01,726,no,ab9ff830-ff14-5aa8-9813-5d024fcd7926,KXKLEAGUEGAME-25NOV09ULSSFC,Sports,2025-11-09T09:39:49.865936Z,2025-11-09 09:18:10.710193+00:00,2025-11-09 09:39:49.865936+00:00,1299.155743,21.652595716666667
KXKLEAGUEGAME-25NOV09ULSSFC-SFC,2025-11-09T09:18:10.710193Z,0.01,263,no,8eb1d333-7b29-50ec-bbcb-20be442926c0,KXKLEAGUEGAME-25NOV09ULSSFC,Sports,2025-11-09T09:39:49.865936Z,2025-11-09 09:18:10.710193+00:00,2025-11-09 09:39:49.865936+00:00,1299.155743,21.652595716666667
KXKLEAGUEGAME-25NOV09ULSSFC-SFC,2025-11-09T09:17:49.625121Z,0.01,9,no,b9f31632-f6d4-65f0-18d2-a454686a4372,KXKLEAGUEGAME-25NOV09ULSSFC,Sports,2025-11-09T09:39:49.865936Z,2025-11-09 09:17:49.625121+00:00,2025-11-09 09:39:49.865936+00:00,1320.240815,22.004013583333336
KXKLEAGUEGAME-25NOV09ULSSFC-SFC,2025-11-09T09:17:49.625121Z,0.01,43,no,a4c2ce37-a7d3-6204-1906-2607dad883a1,KXKLEAGUEGAME-25NOV09ULSSFC,Sports,2025-11-09T09:39:49.865936Z,2025-11-09 09:17:49.625121+00:00,2025-11-09 09:39:49.865936+00:00,1320.240815,22.004013583333336
KXKLEAGUEGAME-25NOV09ULSSFC-SFC,2025-11-09T09:17:49.625121Z,0.01,50,no,3ff5681e-54d7-6b6e-0891-0e8df2518361,KXKLEAGUEGAME-25NOV09ULSSFC,Sports,2025-11-09T09:39:49.865936Z,2025-11-09 09:17:49.625121+00:00,2025-11-09 09:39:49.865936+00:00,1320.240815,22.004013583333336
KXKLEAGUEGAME-25NOV09ULSSFC-SFC,2025-11-09T09:17:22.458369Z,0.01,100,no,5cc50546-490a-6977-4031-b88c3eb063a6,KXKLEAGUEGAME-25NOV09ULSSFC,Sports,2025-11-09T09:39:49.865936Z,2025-11-09 09:17:22.458369+00:00,2025-11-09 09:39:49.865936+00:00,1347.407567,22.456792783333334
KXKLEAGUEGAME-25NOV09ULSSFC-SFC,2025-11-09T09:17:22.458369Z,0.01,7,no,52a25316-b43f-691c-48fd-609ad079deed,KXKLEAGUEGAME-25NOV09ULSSFC,Sports,2025-11-09T09:39:49.865936Z,2025-11-09 09:17:22.458369+00:00,2025-11-09 09:39:49.865936+00:00,1347.407567,22.456792783333334
KXKLEAGUEGAME-25NOV09ULSSFC-SFC,2025-11-09T09:17:14.82059Z,0.01,50,no,02db7024-f23e-6f2d-0136-e0458a8474f4,KXKLEAGUEGAME-25NOV09ULSSFC,Sports,2025-11-09T09:39:49.865936Z,2025-11-09 09:17:14.820590+00:00,2025-11-09 09:39:49.865936+00:00,1355.045346,22.584089100000003
KXKLEAGUEGAME-25NOV09ULSSFC-SFC,2025-11-09T09:17:14.81896Z,0.01,9,no,b5b3d2f6-bb9a-7019-c736-cfa669b7eddc,KXKLEAGUEGAME-25NOV09ULSSFC,Sports,2025-11-09T09:39:49.865936Z,2025-11-09 09:17:14.818960+00:00,2025-11-09 09:39:49.865936+00:00,1355.046976,22.58411626666667
KXKLEAGUEGAME-25NOV09ULSSFC-SFC,2025-11-09T09:17:07.628039Z,0.01,39,no,78241c93-1fde-6e81-679e-9ec3b32d7090,KXKLEAGUEGAME-25NOV09ULSSFC,Sports,2025-11-09T09:39:49.865936Z,2025-11-09 09:17:07.628039+00:00,2025-11-09 09:39:49.865936+00:00,1362.237897,22.70396495
KXKLEAGUEGAME-25NOV09ULSSFC-SFC,2025-11-09T09:16:12.062745Z,0.01,17,no,15f54651-c01a-51fd-990e-a8a603a4b2d4,KXKLEAGUEGAME-25NOV09ULSSFC,Sports,2025-11-09T09:39:49.865936Z,2025-11-09 09:16:12.062745+00:00,2025-11-09 09:39:49.865936+00:00,1417.803191,23.630053183333334
KXKLEAGUEGAME-25NOV09ULSSFC-SFC,2025-11-09T09:15:54.320449Z,0.01,130,no,1bbfbb35-f59a-65ad-2437-0b1530d9e574,KXKLEAGUEGAME-25NOV09ULSSFC,Sports,2025-11-09T09:39:49.865936Z,2025-11-09 09:15:54.320449+00:00,2025-11-09 09:39:49.865936+00:00,1435.545487,23.925758116666668
KXKLEAGUEGAME-25NOV09ULSSFC-SFC,2025-11-09T09:15:53.562753Z,0.01,17,no,888d3f5e-a2ea-524d-fd80-797b25654d94,KXKLEAGUEGAME-25NOV09ULSSFC,Sports,2025-11-09T09:39:49.865936Z,2025-11-09 09:15:53.562753+00:00,2025-11-09 09:39:49.865936+00:00,1436.303183,23.938386383333334
KXKLEAGUEGAME-25NOV09ULSSFC-SFC,2025-11-09T09:15:52.605531Z,0.01,38,no,e8693809-18a2-6b55-9422-289a49e71640,KXKLEAGUEGAME-25NOV09ULSSFC,Sports,2025-11-09T09:39:49.865936Z,2025-11-09 09:15:52.605531+00:00,2025-11-09 09:39:49.865936+00:00,1437.260405,23.95434008333333
KXKLEAGUEGAME-25NOV09ULSSFC-SFC,2025-11-09T09:15:37.004833Z,0.01,52,no,1f8d5e31-5002-594d-fb8b-30949a870150,KXKLEAGUEGAME-25NOV09ULSSFC,Sports,2025-11-09T09:39:49.865936Z,2025-11-09 09:15:37.004833+00:00,2025-11-09 09:39:49.865936+00:00,1452.861103,24.214351716666666
KXKLEAGUEGAME-25NOV09ULSSFC-SFC,2025-11-09T09:14:53.695019Z,0.11,14,yes,4e13874c-8d33-53c5-c20d-23101847d5e4,KXKLEAGUEGAME-25NOV09ULSSFC,Sports,2025-11-09T09:39:49.865936Z,2025-11-09 09:14:53.695019+00:00,2025-11-09 09:39:49.865936+00:00,1496.170917,24.936181949999998
KXKLEAGUEGAME-25NOV09ULSSFC-SFC,2025-11-09T09:14:53.695019Z,0.09,5,yes,424e93e6-e2c3-59e9-cd63-093e27b9c6c1,KXKLEAGUEGAME-25NOV09ULSSFC,Sports,2025-11-09T09:39:49.865936Z,2025-11-09 09:14:53.695019+00:00,2025-11-09 09:39:49.865936+00:00,1496.170917,24.936181949999998
KXKLEAGUEGAME-25NOV09ULSSFC-SFC,2025-11-09T09:13:33.129296Z,0.09,4,yes,9e34cf11-6dd3-5d6d-27a2-6685c0cbb14d,KXKLEAGUEGAME-25NOV09ULSSFC,Sports,2025-11-09T09:39:49.865936Z,2025-11-09 09:13:33.129296+00:00,2025-11-09 09:39:49.865936+00:00,1576.73664,26.278944000000003
KXKLEAGUEGAME-25NOV09ULSSFC-SFC,2025-11-09T09:12:32.449125Z,0.09,10,yes,80669798-207f-60a5-65f7-18513a5c6a3d,KXKLEAGUEGAME-25NOV09ULSSFC,Sports,2025-11-09T09:39:49.865936Z,2025-11-09 09:12:32.449125+00:00,2025-11-09 09:39:49.865936+00:00,1637.416811,27.290280183333333
KXKLEAGUEGAME-25NOV09ULSSFC-SFC,2025-11-09T09:11:53.904854Z,0.09,21,yes,42a1a2f2-790b-50a9-ea21-76a11d112f0d,KXKLEAGUEGAME-25NOV09ULSSFC,Sports,2025-11-09T09:39:49.865936Z,2025-11-09 09:11:53.904854+00:00,2025-11-09 09:39:49.865936+00:00,1675.961082,27.9326847
KXKLEAGUEGAME-25NOV09ULSSFC-SFC,2025-11-09T09:11:53.902675Z,0.07,1,yes,cd227b59-54ce-65b6-acb5-7611b1165c69,KXKLEAGUEGAME-25NOV09ULSSFC,Sports,2025-11-09T09:39:49.865936Z,2025-11-09 09:11:53.902675+00:00,2025-11-09 09:39:49.865936+00:00,1675.963261,27.93272101666667
KXKLEAGUEGAME-25NOV09ULSSFC-SFC,2025-11-09T09:11:28.825082Z,0.06,5,yes,de7343ab-2c09-7e19-5f7b-ea6e912d8d77,KXKLEAGUEGAME-25NOV09ULSSFC,Sports,2025-11-09T09:39:49.865936Z,2025-11-09 09:11:28.825082+00:00,2025-11-09 09:39:49.865936+00:00,1701.040854,28.3506809
KXKLEAGUEGAME-25NOV09ULSSFC-SFC,2025-11-09T09:11:28.825082Z,0.07,9,yes,db2b9353-118e-7962-4c08-f33acda62ed1,KXKLEAGUEGAME-25NOV09ULSSFC,Sports,2025-11-09T09:39:49.865936Z,2025-11-09 09:11:28.825082+00:00,2025-11-09 09:39:49.865936+00:00,1701.040854,28.3506809
KXKLEAGUEGAME-25NOV09ULSSFC-SFC,2025-11-09T09:10:51.970251Z,0.06,5,yes,eadef31e-4e61-51a5-06bc-6e0ca83b670b,KXKLEAGUEGAME-25NOV09ULSSFC,Sports,2025-11-09T09:39:49.865936Z,2025-11-09 09:10:51.970251+00:00,2025-11-09 09:39:49.865936+00:00,1737.895685,28.964928083333334
KXKLEAGUEGAME-25NOV09ULSSFC-SFC,2025-11-09T09:10:51.970251Z,0.05,10,yes,724f22e1-4a64-5792-15db-43ff2c3632c2,KXKLEAGUEGAME-25NOV09ULSSFC,Sports,2025-11-09T09:39:49.865936Z,2025-11-09 09:10:51.970251+00:00,2025-11-09 09:39:49.865936+00:00,1737.895685,28.964928083333334
KXKLEAGUEGAME-25NOV09ULSSFC-SFC,2025-11-09T09:10:21.222693Z,0.01,50,no,6acf394c-b282-767d-8759-895f7b1215a4,KXKLEAGUEGAME-25NOV09ULSSFC,Sports,2025-11-09T09:39:49.865936Z,2025-11-09 09:10:21.222693+00:00,2025-11-09 09:39:49.865936+00:00,1768.643243,29.477387383333333
KXKLEAGUEGAME-25NOV09ULSSFC-SFC,2025-11-09T09:09:56.503366Z,0.01,98,no,c4b0f738-ed8a-47d5-35c5-5e949ca1d580,KXKLEAGUEGAME-25NOV09ULSSFC,Sports,2025-11-09T09:39:49.865936Z,2025-11-09 09:09:56.503366+00:00,2025-11-09 09:39:49.865936+00:00,1793.36257,29.88937616666667
KXKLEAGUEGAME-25NOV09ULSSFC-SFC,2025-11-09T09:09:56.503366Z,0.02,21,no,7d31989b-bcd7-49c5-1b2d-e2f05b9619d7,KXKLEAGUEGAME-25NOV09ULSSFC,Sports,2025-11-09T09:39:49.865936Z,2025-11-09 09:09:56.503366+00:00,2025-11-09 09:39:49.865936+00:00,1793.36257,29.88937616666667
KXKLEAGUEGAME-25NOV09ULSSFC-SFC,2025-11-09T09:09:38.63071Z,0.02,113,no,3d9e87fe-10f7-5519-1514-03d8d8ac20c3,KXKLEAGUEGAME-25NOV09ULSSFC,Sports,2025-11-09T09:39:49.865936Z,2025-11-09 09:09:38.630710+00:00,2025-11-09 09:39:49.865936+00:00,1811.235226,30.187253766666668
KXKLEAGUEGAME-25NOV09ULSSFC-SFC,2025-11-09T09:07:47.744794Z,0.02,71,no,16ad991a-4ad7-7bc1-598c-717add76c6db,KXKLEAGUEGAME-25NOV09ULSSFC,Sports,2025-11-09T09:39:49.865936Z,2025-11-09 09:07:47.744794+00:00,2025-11-09 09:39:49.865936+00:00,1922.121142,32.035352366666665
KXKLEAGUEGAME-25NOV09ULSSFC-SFC,2025-11-09T09:07:47.744269Z,0.02,11,no,bc132cc6-632e-4bd0-c00d-66fd5122bf9a,KXKLEAGUEGAME-25NOV09ULSSFC,Sports,2025-11-09T09:39:49.865936Z,2025-11-09 09:07:47.744269+00:00,2025-11-09 09:39:49.865936+00:00,1922.121667,32.035361116666664
KXKLEAGUEGAME-25NOV09ULSSFC-SFC,2025-11-09T09:07:47.744269Z,0.02,48,no,b2c379d4-3947-4875-d4e7-b2b77857050b,KXKLEAGUEGAME-25NOV09ULSSFC,Sports,2025-11-09T09:39:49.865936Z,2025-11-09 09:07:47.744269+00:00,2025-11-09 09:39:49.865936+00:00,1922.121667,32.035361116666664
KXKLEAGUEGAME-25NOV09ULSSFC-SFC,2025-11-09T09:07:47.744269Z,0.02,10,no,13d9497d-5317-477a-d543-e312ec089f8e,KXKLEAGUEGAME-25NOV09ULSSFC,Sports,2025-11-09T09:39:49.865936Z,2025-11-09 09:07:47.744269+00:00,2025-11-09 09:39:49.865936+00:00,1922.121667,32.035361116666664
KXKLEAGUEGAME-25NOV09ULSSFC-SFC,2025-11-09T09:07:46.379459Z,0.02,43,no,e3878326-8c7a-5c28-0034-c1f1e911e0ba,KXKLEAGUEGAME-25NOV09ULSSFC,Sports,2025-11-09T09:39:49.865936Z,2025-11-09 09:07:46.379459+00:00,2025-11-09 09:39:49.865936+00:00,1923.486477,32.05810795
KXKLEAGUEGAME-25NOV09ULSSFC-SFC,2025-11-09T09:06:46.902155Z,0.03,116,yes,f9e22f7a-c54f-7e24-0782-14e360941fd7,KXKLEAGUEGAME-25NOV09ULSSFC,Sports,2025-11-09T09:39:49.865936Z,2025-11-09 09:06:46.902155+00:00,2025-11-09 09:39:49.865936+00:00,1982.963781,33.04939635
KXKLEAGUEGAME-25NOV09ULSSFC-SFC,2025-11-09T09:06:46.867329Z,0.03,483,yes,df52ba8f-e8af-5f80-1853-e295a06177a3,KXKLEAGUEGAME-25NOV09ULSSFC,Sports,2025-11-09T09:39:49.865936Z,2025-11-09 09:06:46.867329+00:00,2025-11-09 09:39:49.865936+00:00,1982.998607,33.049976783333335
KXKLEAGUEGAME-25NOV09ULSSFC-SFC,2025-11-09T09:06:31.609546Z,0.03,20,yes,9de7869a-bdf3-4062-4237-e027274b724f,KXKLEAGUEGAME-25NOV09ULSSFC,Sports,2025-11-09T09:39:49.865936Z,2025-11-09 09:06:31.609546+00:00,2025-11-09 09:39:49.865936+00:00,1998.25639,33.30427316666667
KXKLEAGUEGAME-25NOV09ULSSFC-SFC,2025-11-09T09:06:31.609546Z,0.03,5,yes,4847c834-d11f-43be-5fa1-4b604c91d068,KXKLEAGUEGAME-25NOV09ULSSFC,Sports,2025-11-09T09:39:49.865936Z,2025-11-09 09:06:31.609546+00:00,2025-11-09 09:39:49.865936+00:00,1998.25639,33.30427316666667
KXKLEAGUEGAME-25NOV09ULSSFC-SFC,2025-11-09T09:06:30.339414Z,0.03,3,yes,33a510f2-4cbf-528a-fc9b-fee34c364aa0,KXKLEAGUEGAME-25NOV09ULSSFC,Sports,2025-11-09T09:39:49.865936Z,2025-11-09 09:06:30.339414+00:00,2025-11-09 09:39:49.865936+00:00,1999.526522,33.32544203333334
KXKLEAGUEGAME-25NOV09ULSSFC-SFC,2025-11-09T09:05:12.270586Z,0.02,46,no,2627259f-df1e-6fc4-bc43-a211a9515e16,KXKLEAGUEGAME-25NOV09ULSSFC,Sports,2025-11-09T09:39:49.865936Z,2025-11-09 09:05:12.270586+00:00,2025-11-09 09:39:49.865936+00:00,2077.59535,34.62658916666667
KXKLEAGUEGAME-25NOV09ULSSFC-SFC,2025-11-09T09:05:01.384132Z,0.03,13,no,caa97d2b-6e8a-765f-8569-32e52ad08979,KXKLEAGUEGAME-25NOV09ULSSFC,Sports,2025-11-09T09:39:49.865936Z,2025-11-09 09:05:01.384132+00:00,2025-11-09 09:39:49.865936+00:00,2088.481804,34.80803006666667
KXKLEAGUEGAME-25NOV09ULSSFC-SFC,2025-11-09T09:04:57.640604Z,0.03,8,no,0c7a0961-3032-4f67-3efd-2f2a084ec01d,KXKLEAGUEGAME-25NOV09ULSSFC,Sports,2025-11-09T09:39:49.865936Z,2025-11-09 09:04:57.640604+00:00,2025-11-09 09:39:49.865936+00:00,2092.225332,34.8704222
KXKLEAGUEGAME-25NOV09ULSSFC-SFC,2025-11-09T09:04:31.444248Z,0.11,42,yes,7bd9532b-1b96-55ed-45e0-d074ed3b9acb,KXKLEAGUEGAME-25NOV09ULSSFC,Sports,2025-11-09T09:39:49.865936Z,2025-11-09 09:04:31.444248+00:00,2025-11-09 09:39:49.865936+00:00,2118.421688,35.30702813333333
KXKLEAGUEGAME-25NOV09ULSSFC-SFC,2025-11-09T09:04:00.796838Z,0.02,10,no,77f4a554-0482-7b14-94ba-13de03bfcb4e,KXKLEAGUEGAME-25NOV09ULSSFC,Sports,2025-11-09T09:39:49.865936Z,2025-11-09 09:04:00.796838+00:00,2025-11-09 09:39:49.865936+00:00,2149.069098,35.8178183
KXKLEAGUEGAME-25NOV09ULSSFC-SFC,2025-11-09T09:02:44.228139Z,0.11,23,yes,828d8e3c-762c-4e3e-007e-a4cb42ec7412,KXKLEAGUEGAME-25NOV09ULSSFC,Sports,2025-11-09T09:39:49.865936Z,2025-11-09 09:02:44.228139+00:00,2025-11-09 09:39:49.865936+00:00,2225.637797,37.09396328333333
KXKLEAGUEGAME-25NOV09ULSSFC-SFC,2025-11-09T08:59:23.182149Z,0.02,62,no,7acb114b-3176-7e98-50bd-8dc22cbde762,KXKLEAGUEGAME-25NOV09ULSSFC,Sports,2025-11-09T09:39:49.865936Z,2025-11-09 08:59:23.182149+00:00,2025-11-09 09:39:49.865936+00:00,2426.683787,40.44472978333333
KXKLEAGUEGAME-25NOV09ULSSFC-SFC,2025-11-09T08:59:17.50535Z,0.03,7,no,37dd9bc4-ca28-73c4-8a0b-5b670252afe2,KXKLEAGUEGAME-25NOV09ULSSFC,Sports,2025-11-09T09:39:49.865936Z,2025-11-09 08:59:17.505350+00:00,2025-11-09 09:39:49.865936+00:00,2432.360586,40.539343099999996
KXKLEAGUEGAME-25NOV09ULSSFC-SFC,2025-11-09T08:59:17.50535Z,0.02,4,no,013dd5fe-7206-7578-b400-bfb11361c312,KXKLEAGUEGAME-25NOV09ULSSFC,Sports,2025-11-09T09:39:49.865936Z,2025-11-09 08:59:17.505350+00:00,2025-11-09 09:39:49.865936+00:00,2432.360586,40.539343099999996
KXKLEAGUEGAME-25NOV09ULSSFC-SFC,2025-11-09T08:59:14.002066Z,0.03,10,no,c0a34d6d-4908-4f14-6247-b3aa1901215e,KXKLEAGUEGAME-25NOV09ULSSFC,Sports,2025-11-09T09:39:49.865936Z,2025-11-09 08:59:14.002066+00:00,2025-11-09 09:39:49.865936+00:00,2435.86387,40.59773116666667
KXKLEAGUEGAME-25NOV09ULSSFC-SFC,2025-11-09T08:59:06.497105Z,0.2,23,yes,00b3db9f-2607-440a-3c11-984a3543754c,KXKLEAGUEGAME-25NOV09ULSSFC,Sports,2025-11-09T09:39:49.865936Z,2025-11-09 08:59:06.497105+00:00,2025-11-09 09:39:49.865936+00:00,2443.368831,40.722813849999994
KXKLEAGUEGAME-25NOV09ULSSFC-SFC,2025-11-09T08:59:05.813446Z,0.2,10,yes,5e0dc30d-961f-4886-147e-0d15f7ea5330,KXKLEAGUEGAME-25NOV09ULSSFC,Sports,2025-11-09T09:39:49.865936Z,2025-11-09 08:59:05.813446+00:00,2025-11-09 09:39:49.865936+00:00,2444.05249,40.73420816666667
KXKLEAGUEGAME-25NOV09ULSSFC-SFC,2025-11-09T08:58:47.150359Z,0.03,20,no,54623d0c-172b-417d-7d10-3130c799dcec,KXKLEAGUEGAME-25NOV09ULSSFC,Sports,2025-11-09T09:39:49.865936Z,2025-11-09 08:58:47.150359+00:00,2025-11-09 09:39:49.865936+00:00,2462.715577,41.04525961666666
KXKLEAGUEGAME-25NOV09ULSSFC-SFC,2025-11-09T08:58:47.150359Z,0.03,33,no,3f49e1d6-d10c-4384-5985-9f23a90e5f02,KXKLEAGUEGAME-25NOV09ULSSFC,Sports,2025-11-09T09:39:49.865936Z,2025-11-09 08:58:47.150359+00:00,2025-11-09 09:39:49.865936+00:00,2462.715577,41.04525961666666
KXKLEAGUEGAME-25NOV09ULSSFC-SFC,2025-11-09T08:58:40.393662Z,0.2,9,yes,c67777f5-ebef-48de-7180-36c1974eca04,KXKLEAGUEGAME-25NOV09ULSSFC,Sports,2025-11-09T09:39:49.865936Z,2025-11-09 08:58:40.393662+00:00,2025-11-09 09:39:49.865936+00:00,2469.472274,41.15787123333334
KXKLEAGUEGAME-25NOV09ULSSFC-SFC,2025-11-09T08:58:40.393662Z,0.15,19,yes,12558c8d-610b-4693-633f-2da1b7db24a7,KXKLEAGUEGAME-25NOV09ULSSFC,Sports,2025-11-09T09:39:49.865936Z,2025-11-09 08:58:40.393662+00:00,2025-11-09 09:39:49.865936+00:00,2469.472274,41.15787123333334
KXKLEAGUEGAME-25NOV09ULSSFC-SFC,2025-11-09T08:58:33.743103Z,0.15,31,yes,3cde4b22-d9d3-61eb-b88a-a8e4b2e2aa4b,KXKLEAGUEGAME-25NOV09ULSSFC,Sports,2025-11-09T09:39:49.865936Z,2025-11-09 08:58:33.743103+00:00,2025-11-09 09:39:49.865936+00:00,2476.122833,41.268713883333334
KXKLEAGUEGAME-25NOV09ULSSFC-SFC,2025-11-09T08:58:15.355651Z,0.15,50,yes,cccbb0c3-815d-574d-2ec1-f38f22de3973,KXKLEAGUEGAME-25NOV09ULSSFC,Sports,2025-11-09T09:39:49.865936Z,2025-11-09 08:58:15.355651+00:00,2025-11-09 09:39:49.865936+00:00,2494.510285,41.57517141666666
KXKLEAGUEGAME-25NOV09ULSSFC-SFC,2025-11-09T08:56:54.437028Z,0.57,1,yes,de217384-169c-5158-2e92-04bd71bf731d,KXKLEAGUEGAME-25NOV09ULSSFC,Sports,2025-11-09T09:39:49.865936Z,2025-11-09 08:56:54.437028+00:00,2025-11-09 09:39:49.865936+00:00,2575.428908,42.92381513333333
KXKLEAGUEGAME-25NOV09ULSSFC-SFC,2025-11-09T08:56:54.437028Z,0.2,18,yes,c3da1876-80cb-50c9-27c7-b1d3958fe716,KXKLEAGUEGAME-25NOV09ULSSFC,Sports,2025-11-09T09:39:49.865936Z,2025-11-09 08:56:54.437028+00:00,2025-11-09 09:39:49.865936+00:00,2575.428908,42.92381513333333
KXKLEAGUEGAME-25NOV09ULSSFC-SFC,2025-11-09T08:56:42.681178Z,0.12,20,yes,f81bfb28-6f8f-5800-d0f8-9febe11bd010,KXKLEAGUEGAME-25NOV09ULSSFC,Sports,2025-11-09T09:39:49.865936Z,2025-11-09 08:56:42.681178+00:00,2025-11-09 09:39:49.865936+00:00,2587.184758,43.11974596666666
KXKLEAGUEGAME-25NOV09ULSSFC-SFC,2025-11-09T08:56:42.681178Z,0.12,10,yes,83e4ef08-4ed9-5cbb-f071-bf50d0310614,KXKLEAGUEGAME-25NOV09ULSSFC,Sports,2025-11-09T09:39:49.865936Z,2025-11-09 08:56:42.681178+00:00,2025-11-09 09:39:49.865936+00:00,2587.184758,43.11974596666666
KXKLEAGUEGAME-25NOV09ULSSFC-SFC,2025-11-09T08:56:42.681178Z,0.2,76,yes,2dc2b31a-d81b-5e65-c043-1740bc0da87e,KXKLEAGUEGAME-25NOV09ULSSFC,Sports,2025-11-09T09:39:49.865936Z,2025-11-09 08:56:42.681178+00:00,2025-11-09 09:39:49.865936+00:00,2587.184758,43.11974596666666
KXKLEAGUEGAME-25NOV09ULSSFC-SFC,2025-11-09T08:55:15.45627Z,0.02,24,no,bc985034-a9fa-5064-2e8d-7059a90923f6,KXKLEAGUEGAME-25NOV09ULSSFC,Sports,2025-11-09T09:39:49.865936Z,2025-11-09 08:55:15.456270+00:00,2025-11-09 09:39:49.865936+00:00,2674.409666,44.57349443333333
KXKLEAGUEGAME-25NOV09ULSSFC-SFC,2025-11-09T08:54:25.636137Z,0.11,42,yes,bf9b1e79-77d9-66c1-c616-1591e7fa0f0c,KXKLEAGUEGAME-25NOV09ULSSFC,Sports,2025-11-09T09:39:49.865936Z,2025-11-09 08:54:25.636137+00:00,2025-11-09 09:39:49.865936+00:00,2724.229799,45.40382998333334
KXKLEAGUEGAME-25NOV09ULSSFC-SFC,2025-11-09T08:53:11.89628Z,0.04,25,no,66ec861d-8f6d-6a97-7cf7-e83e56fad727,KXKLEAGUEGAME-25NOV09ULSSFC,Sports,2025-11-09T09:39:49.865936Z,2025-11-09 08:53:11.896280+00:00,2025-11-09 09:39:49.865936+00:00,2797.969656,46.632827600000006
KXKLEAGUEGAME-25NOV09ULSSFC-SFC,2025-11-09T08:53:11.89628Z,0.04,8,no,11c2e9be-f012-6798-7de1-2bcfd7af18d2,KXKLEAGUEGAME-25NOV09ULSSFC,Sports,2025-11-09T09:39:49.865936Z,2025-11-09 08:53:11.896280+00:00,2025-11-09 09:39:49.865936+00:00,2797.969656,46.632827600000006
KXKLEAGUEGAME-25NOV09ULSSFC-SFC,2025-11-09T08:53:11.895471Z,0.04,76,no,261946ac-6baa-726c-bbb8-786b4552fd9a,KXKLEAGUEGAME-25NOV09ULSSFC,Sports,2025-11-09T09:39:49.865936Z,2025-11-09 08:53:11.895471+00:00,2025-11-09 09:39:49.865936+00:00,2797.970465,46.63284108333333
KXKLEAGUEGAME-25NOV09ULSSFC-SFC,2025-11-09T08:52:20.256448Z,0.04,1,no,1eaffb5a-a066-774c-7c81-ee314dc213ee,KXKLEAGUEGAME-25NOV09ULSSFC,Sports,2025-11-09T09:39:49.865936Z,2025-11-09 08:52:20.256448+00:00,2025-11-09 09:39:49.865936+00:00,2849.609488,47.49349146666667
KXKLEAGUEGAME-25NOV09ULSSFC-SFC,2025-11-09T08:51:43.226463Z,0.18,7,yes,9f2a72e1-990c-5cf8-c30d-e73b4d453cc7,KXKLEAGUEGAME-25NOV09ULSSFC,Sports,2025-11-09T09:39:49.865936Z,2025-11-09 08:51:43.226463+00:00,2025-11-09 09:39:49.865936+00:00,2886.639473,48.11065788333334
KXKLEAGUEGAME-25NOV09ULSSFC-SFC,2025-11-09T08:51:43.226463Z,0.16,50,yes,51e760e3-adcb-5dc9-db79-4634664c5ab5,KXKLEAGUEGAME-25NOV09ULSSFC,Sports,2025-11-09T09:39:49.865936Z,2025-11-09 08:51:43.226463+00:00,2025-11-09 09:39:49.865936+00:00,2886.639473,48.11065788333334
KXKLEAGUEGAME-25NOV09ULSSFC-SFC,2025-11-09T08:51:39.283782Z,0.05,10,no,15d637a9-1b0a-4a58-8933-855796cb1988,KXKLEAGUEGAME-25NOV09ULSSFC,Sports,2025-11-09T09:39:49.865936Z,2025-11-09 08:51:39.283782+00:00,2025-11-09 09:39:49.865936+00:00,2890.582154,48.17636923333334
KXKLEAGUEGAME-25NOV09ULSSFC-SFC,2025-11-09T08:51:27.323863Z,0.04,43,no,bb1c8ea2-cce6-5ac4-1dd9-0382e85ee65a,KXKLEAGUEGAME-25NOV09ULSSFC,Sports,2025-11-09T09:39:49.865936Z,2025-11-09 08:51:27.323863+00:00,2025-11-09 09:39:49.865936+00:00,2902.542073,48.37570121666667
KXKLEAGUEGAME-25NOV09ULSSFC-SFC,2025-11-09T08:50:30.337147Z,0.05,25,no,562ea9e9-b578-6c6c-6b9d-e3e0d0213a1a,KXKLEAGUEGAME-25NOV09ULSSFC,Sports,2025-11-09T09:39:49.865936Z,2025-11-09 08:50:30.337147+00:00,2025-11-09 09:39:49.865936+00:00,2959.528789,49.325479816666665
KXKLEAGUEGAME-25NOV09ULSSFC-SFC,2025-11-09T08:50:28.155855Z,0.07,30,no,65eb8efc-6c5e-63d1-88dc-8bdc770396c1,KXKLEAGUEGAME-25NOV09ULSSFC,Sports,2025-11-09T09:39:49.865936Z,2025-11-09 08:50:28.155855+00:00,2025-11-09 09:39:49.865936+00:00,2961.710081,49.361834683333335
KXKLEAGUEGAME-25NOV09ULSSFC-SFC,2025-11-09T08:49:33.668194Z,0.16,53,yes,e45c1f87-77cc-4e06-584e-d41821cfb491,KXKLEAGUEGAME-25NOV09ULSSFC,Sports,2025-11-09T09:39:49.865936Z,2025-11-09 08:49:33.668194+00:00,2025-11-09 09:39:49.865936+00:00,3016.197742,50.26996236666666
KXKLEAGUEGAME-25NOV09ULSSFC-SFC,2025-11-09T08:49:33.668194Z,0.14,64,yes,d92f3043-faf1-4002-6518-9c01db382b4e,KXKLEAGUEGAME-25NOV09ULSSFC,Sports,2025-11-09T09:39:49.865936Z,2025-11-09 08:49:33.668194+00:00,2025-11-09 09:39:49.865936+00:00,3016.197742,50.26996236666666
KXKLEAGUEGAME-25NOV09ULSSFC-SFC,2025-11-09T08:49:33.668194Z,0.12,65,yes,c666a4bc-3ef7-459b-5cc4-cff14c70d0c3,KXKLEAGUEGAME-25NOV09ULSSFC,Sports,2025-11-09T09:39:49.865936Z,2025-11-09 08:49:33.668194+00:00,2025-11-09 09:39:49.865936+00:00,3016.197742,50.26996236666666
KXKLEAGUEGAME-25NOV09ULSSFC-SFC,2025-11-09T08:49:33.668194Z,0.13,65,yes,49a5dc20-a0da-4c0b-56ae-a0520b1c573c,KXKLEAGUEGAME-25NOV09ULSSFC,Sports,2025-11-09T09:39:49.865936Z,2025-11-09 08:49:33.668194+00:00,2025-11-09 09:39:49.865936+00:00,3016.197742,50.26996236666666
KXKLEAGUEGAME-25NOV09ULSSFC-SFC,2025-11-09T08:49:33.668194Z,0.13,30,yes,0d15b3d0-38f6-40ed-63f1-4f7668a90479,KXKLEAGUEGAME-25NOV09ULSSFC,Sports,2025-11-09T09:39:49.865936Z,2025-11-09 08:49:33.668194+00:00,2025-11-09 09:39:49.865936+00:00,3016.197742,50.26996236666666
KXKLEAGUEGAME-25NOV09ULSSFC-SFC,2025-11-09T08:47:45.526368Z,0.15,136,yes,f369f27e-cfe9-6d34-b75c-c18d3537a577,KXKLEAGUEGAME-25NOV09ULSSFC,Sports,2025-11-09T09:39:49.865936Z,2025-11-09 08:47:45.526368+00:00,2025-11-09 09:39:49.865936+00:00,3124.339568,52.072326133333334
KXKLEAGUEGAME-25NOV09ULSSFC-SFC,2025-11-09T08:47:45.526368Z,0.16,19,yes,6b85c2f4-9f7d-64ea-8b65-73a9efe54331,KXKLEAGUEGAME-25NOV09ULSSFC,Sports,2025-11-09T09:39:49.865936Z,2025-11-09 08:47:45.526368+00:00,2025-11-09 09:39:49.865936+00:00,3124.339568,52.072326133333334
KXKLEAGUEGAME-25NOV09ULSSFC-SFC,2025-11-09T08:47:33.305989Z,0.05,8,no,4ca7b995-0a14-477e-cf11-4d0c0cf21788,KXKLEAGUEGAME-25NOV09ULSSFC,Sports,2025-11-09T09:39:49.865936Z,2025-11-09 08:47:33.305989+00:00,2025-11-09 09:39:49.865936+00:00,3136.559947,52.27599911666667
KXKLEAGUEGAME-25NOV09ULSSFC-SFC,2025-11-09T08:47:01.26401Z,0.12,5,yes,833c21cf-00b9-6f24-7ca7-c2d256bcd356,KXKLEAGUEGAME-25NOV09ULSSFC,Sports,2025-11-09T09:39:49.865936Z,2025-11-09 08:47:01.264010+00:00,2025-11-09 09:39:49.865936+00:00,3168.601926,52.810032099999994
KXKLEAGUEGAME-25NOV09ULSSFC-SFC,2025-11-09T08:47:00.294717Z,0.12,5,yes,4a67076a-0d69-67f0-f573-554cbdab15b2,KXKLEAGUEGAME-25NOV09ULSSFC,Sports,2025-11-09T09:39:49.865936Z,2025-11-09 08:47:00.294717+00:00,2025-11-09 09:39:49.865936+00:00,3169.571219,52.82618698333333
KXKLEAGUEGAME-25NOV09ULSSFC-SFC,2025-11-09T08:47:00.131018Z,0.11,1,yes,a20b0681-396a-4d33-b90b-31bee6a2fda7,KXKLEAGUEGAME-25NOV09ULSSFC,Sports,2025-11-09T09:39:49.865936Z,2025-11-09 08:47:00.131018+00:00,2025-11-09 09:39:49.865936+00:00,3169.734918,52.8289153
KXKLEAGUEGAME-25NOV09ULSSFC-SFC,2025-11-09T08:47:00.131018Z,0.12,4,yes,064727ad-95cd-4b6c-b21f-133a6dc83916,KXKLEAGUEGAME-25NOV09ULSSFC,Sports,2025-11-09T09:39:49.865936Z,2025-11-09 08:47:00.131018+00:00,2025-11-09 09:39:49.865936+00:00,3169.734918,52.8289153
KXKLEAGUEGAME-25NOV09ULSSFC-SFC,2025-11-09T08:46:57.262767Z,0.11,5,yes,9724d321-0452-4e5f-8d0e-31aa62baceef,KXKLEAGUEGAME-25NOV09ULSSFC,Sports,2025-11-09T09:39:49.865936Z,2025-11-09 08:46:57.262767+00:00,2025-11-09 09:39:49.865936+00:00,3172.603169,52.87671948333333
KXKLEAGUEGAME-25NOV09ULSSFC-SFC,2025-11-09T08:46:54.277944Z,0.11,5,yes,f154cce3-5252-467b-0da7-a4cb04f0f0df,KXKLEAGUEGAME-25NOV09ULSSFC,Sports,2025-11-09T09:39:49.865936Z,2025-11-09 08:46:54.277944+00:00,2025-11-09 09:39:49.865936+00:00,3175.587992,52.92646653333334
KXKLEAGUEGAME-25NOV09ULSSFC-SFC,2025-11-09T08:46:46.464773Z,0.1,18,yes,68182d19-0468-4449-29b1-9642fada9918,KXKLEAGUEGAME-25NOV09ULSSFC,Sports,2025-11-09T09:39:49.865936Z,2025-11-09 08:46:46.464773+00:00,2025-11-09 09:39:49.865936+00:00,3183.401163,53.05668605
KXKLEAGUEGAME-25NOV09ULSSFC-SFC,2025-11-09T08:46:31.394702Z,0.04,29,no,de51a289-d362-4600-b11f-12671b3fe3da,KXKLEAGUEGAME-25NOV09ULSSFC,Sports,2025-11-09T09:39:49.865936Z,2025-11-09 08:46:31.394702+00:00,2025-11-09 09:39:49.865936+00:00,3198.471234,53.307853900000005
KXKLEAGUEGAME-25NOV09ULSSFC-SFC,2025-11-09T08:45:35.363336Z,0.11,8,yes,4dc3cf96-f26a-4e57-f4bd-d02a0f802fd7,KXKLEAGUEGAME-25NOV09ULSSFC,Sports,2025-11-09T09:39:49.865936Z,2025-11-09 08:45:35.363336+00:00,2025-11-09 09:39:49.865936+00:00,3254.5026,54.24171
KXKLEAGUEGAME-25NOV09ULSSFC-SFC,2025-11-09T08:45:16.534413Z,0.1,56,yes,f7803fd3-5253-4be5-a8b0-5abdd23533f0,KXKLEAGUEGAME-25NOV09ULSSFC,Sports,2025-11-09T09:39:49.865936Z,2025-11-09 08:45:16.534413+00:00,2025-11-09 09:39:49.865936+00:00,3273.331523,54.55552538333333
KXKLEAGUEGAME-25NOV09ULSSFC-SFC,2025-11-09T08:45:04.649671Z,0.04,14,no,b2dcccfc-850a-671c-5da2-8d964059e91a,KXKLEAGUEGAME-25NOV09ULSSFC,Sports,2025-11-09T09:39:49.865936Z,2025-11-09 08:45:04.649671+00:00,2025-11-09 09:39:49.865936+00:00,3285.216265,54.75360441666667
KXKLEAGUEGAME-25NOV09ULSSFC-SFC,2025-11-09T08:45:03.929679Z,0.04,87,no,3d6c9f93-9346-4530-e605-6d1ea7d5965e,KXKLEAGUEGAME-25NOV09ULSSFC,Sports,2025-11-09T09:39:49.865936Z,2025-11-09 08:45:03.929679+00:00,2025-11-09 09:39:49.865936+00:00,3285.936257,54.76560428333333
KXKLEAGUEGAME-25NOV09ULSSFC-SFC,2025-11-09T08:45:01.113308Z,0.04,1,no,2e1e3fdb-402e-5e88-1184-df9326bcb34e,KXKLEAGUEGAME-25NOV09ULSSFC,Sports,2025-11-09T09:39:49.865936Z,2025-11-09 08:45:01.113308+00:00,2025-11-09 09:39:49.865936+00:00,3288.752628,54.8125438
KXKLEAGUEGAME-25NOV09ULSSFC-SFC,2025-11-09T08:43:23.85749Z,0.13,14,yes,30d5e5eb-c2a4-685e-5469-4aa3c6db6be6,KXKLEAGUEGAME-25NOV09ULSSFC,Sports,2025-11-09T09:39:49.865936Z,2025-11-09 08:43:23.857490+00:00,2025-11-09 09:39:49.865936+00:00,3386.008446,56.4334741
KXKLEAGUEGAME-25NOV09ULSSFC-SFC,2025-11-09T08:43:23.107968Z,0.04,20,no,9adffad3-e2ae-4100-51e6-36e5f13ac97e,KXKLEAGUEGAME-25NOV09ULSSFC,Sports,2025-11-09T09:39:49.865936Z,2025-11-09 08:43:23.107968+00:00,2025-11-09 09:39:49.865936+00:00,3386.757968,56.44596613333333
KXKLEAGUEGAME-25NOV09ULSSFC-SFC,2025-11-09T08:43:00.374002Z,0.09,10,yes,d80b881f-f423-796f-7f58-cbc56db23ef8,KXKLEAGUEGAME-25NOV09ULSSFC,Sports,2025-11-09T09:39:49.865936Z,2025-11-09 08:43:00.374002+00:00,2025-11-09 09:39:49.865936+00:00,3409.491934,56.824865566666666
KXKLEAGUEGAME-25NOV09ULSSFC-SFC,2025-11-09T08:43:00.374002Z,0.09,56,yes,a53d832e-d841-7804-69d2-bac3dcb5ed3b,KXKLEAGUEGAME-25NOV09ULSSFC,Sports,2025-11-09T09:39:49.865936Z,2025-11-09 08:43:00.374002+00:00,2025-11-09 09:39:49.865936+00:00,3409.491934,56.824865566666666
KXKLEAGUEGAME-25NOV09ULSSFC-SFC,2025-11-09T08:43:00.374002Z,0.1,34,yes,1bb3239f-e5eb-7c79-6a47-964ecb050639,KXKLEAGUEGAME-25NOV09ULSSFC,Sports,2025-11-09T09:39:49.865936Z,2025-11-09 08:43:00.374002+00:00,2025-11-09 09:39:49.865936+00:00,3409.491934,56.824865566666666
KXKLEAGUEGAME-25NOV09ULSSFC-SFC,2025-11-09T08:42:59.759473Z,0.05,4,no,e9e128a3-fb85-7284-5012-6e139311112a,KXKLEAGUEGAME-25NOV09ULSSFC,Sports,2025-11-09T09:39:49.865936Z,2025-11-09 08:42:59.759473+00:00,2025-11-09 09:39:49.865936+00:00,3410.106463,56.83510771666667
KXKLEAGUEGAME-25NOV09ULSSFC-SFC,2025-11-09T08:42:59.759473Z,0.04,20,no,43230a5d-aaaa-7274-5e19-6a1e3d379406,KXKLEAGUEGAME-25NOV09ULSSFC,Sports,2025-11-09T09:39:49.865936Z,2025-11-09 08:42:59.759473+00:00,2025-11-09 09:39:49.865936+00:00,3410.106463,56.83510771666667
KXKLEAGUEGAME-25NOV09ULSSFC-SFC,2025-11-09T08:42:52.237127Z,0.09,20,yes,f3e89abc-de3f-506f-adef-105d643da000,KXKLEAGUEGAME-25NOV09ULSSFC,Sports,2025-11-09T09:39:49.865936Z,2025-11-09 08:42:52.237127+00:00,2025-11-09 09:39:49.865936+00:00,3417.628809,56.960480149999995
KXKLEAGUEGAME-25NOV09ULSSFC-SFC,2025-11-09T08:42:14.114634Z,0.05,1,no,be0d2667-25c9-5c30-39ea-ce3fb131a1a6,KXKLEAGUEGAME-25NOV09ULSSFC,Sports,2025-11-09T09:39:49.865936Z,2025-11-09 08:42:14.114634+00:00,2025-11-09 09:39:49.865936+00:00,3455.751302,57.595855033333336
KXKLEAGUEGAME-25NOV09ULSSFC-SFC,2025-11-09T08:42:01.378287Z,0.09,1,yes,fe6f400a-fd2f-4d0c-7b47-d9a9a7b924cc,KXKLEAGUEGAME-25NOV09ULSSFC,Sports,2025-11-09T09:39:49.865936Z,2025-11-09 08:42:01.378287+00:00,2025-11-09 09:39:49.865936+00:00,3468.487649,57.80812748333334
KXKLEAGUEGAME-25NOV09ULSSFC-SFC,2025-11-09T08:41:53.654277Z,0.1,47,yes,1e5d8351-913e-42ce-1031-93fbe6579d5f,KXKLEAGUEGAME-25NOV09ULSSFC,Sports,2025-11-09T09:39:49.865936Z,2025-11-09 08:41:53.654277+00:00,2025-11-09 09:39:49.865936+00:00,3476.211659,57.93686098333333
KXKLEAGUEGAME-25NOV09ULSSFC-SFC,2025-11-09T08:41:47.796455Z,0.1,159,yes,1cee6270-c36e-4fd6-23b1-969a34b3264b,KXKLEAGUEGAME-25NOV09ULSSFC,Sports,2025-11-09T09:39:49.865936Z,2025-11-09 08:41:47.796455+00:00,2025-11-09 09:39:49.865936+00:00,3482.069481,58.03449135
KXKLEAGUEGAME-25NOV09ULSSFC-SFC,2025-11-09T08:41:22.284631Z,0.13,5,yes,fcf0efc4-d39c-4ff8-97f1-35f1e4594d17,KXKLEAGUEGAME-25NOV09ULSSFC,Sports,2025-11-09T09:39:49.865936Z,2025-11-09 08:41:22.284631+00:00,2025-11-09 09:39:49.865936+00:00,3507.581305,58.45968841666667
KXKLEAGUEGAME-25NOV09ULSSFC-SFC,2025-11-09T08:41:21.286133Z,0.13,5,yes,e078ac2e-d6f8-6460-3e8a-b3456961de43,KXKLEAGUEGAME-25NOV09ULSSFC,Sports,2025-11-09T09:39:49.865936Z,2025-11-09 08:41:21.286133+00:00,2025-11-09 09:39:49.865936+00:00,3508.579803,58.47633005
KXKLEAGUEGAME-25NOV09ULSSFC-SFC,2025-11-09T08:41:19.276348Z,0.13,5,yes,daaac465-78bb-7f36-ed17-3caa6320c5f1,KXKLEAGUEGAME-25NOV09ULSSFC,Sports,2025-11-09T09:39:49.865936Z,2025-11-09 08:41:19.276348+00:00,2025-11-09 09:39:49.865936+00:00,3510.589588,58.50982646666667
KXKLEAGUEGAME-25NOV09ULSSFC-SFC,2025-11-09T08:41:17.109697Z,0.14,5,yes,a17142ec-b0c1-5a21-1979-35efaeedc2d6,KXKLEAGUEGAME-25NOV09ULSSFC,Sports,2025-11-09T09:39:49.865936Z,2025-11-09 08:41:17.109697+00:00,2025-11-09 09:39:49.865936+00:00,3512.756239,58.54593731666667
KXKLEAGUEGAME-25NOV09ULSSFC-SFC,2025-11-09T08:41:16.101589Z,0.14,5,yes,57664d88-012d-7f35-4d4f-622a2b866372,KXKLEAGUEGAME-25NOV09ULSSFC,Sports,2025-11-09T09:39:49.865936Z,2025-11-09 08:41:16.101589+00:00,2025-11-09 09:39:49.865936+00:00,3513.764347,58.56273911666666
KXKLEAGUEGAME-25NOV09ULSSFC-SFC,2025-11-09T08:41:15.282809Z,0.15,5,yes,d7affcdc-9ec9-62f0-5ed9-fee28114fcb2,KXKLEAGUEGAME-25NOV09ULSSFC,Sports,2025-11-09T09:39:49.865936Z,2025-11-09 08:41:15.282809+00:00,2025-11-09 09:39:49.865936+00:00,3514.583127,58.57638545
KXKLEAGUEGAME-25NOV09ULSSFC-SFC,2025-11-09T08:40:35.104508Z,0.04,1,no,4b66c042-b4b2-52c0-b075-0c6055acea3e,KXKLEAGUEGAME-25NOV09ULSSFC,Sports,2025-11-09T09:39:49.865936Z,2025-11-09 08:40:35.104508+00:00,2025-11-09 09:39:49.865936+00:00,3554.761428,59.246023799999996
KXKLEAGUEGAME-25NOV09ULSSFC-SFC,2025-11-09T08:40:24.62326Z,0.06,36,no,1f02740a-82a4-54c7-2e49-bce2023c2e90,KXKLEAGUEGAME-25NOV09ULSSFC,Sports,2025-11-09T09:39:49.865936Z,2025-11-09 08:40:24.623260+00:00,2025-11-09 09:39:49.865936+00:00,3565.242676,59.420711266666665
KXKLEAGUEGAME-25NOV09ULSSFC-SFC,2025-11-09T08:40:18.045826Z,0.07,10,no,1240473d-54c9-5dd7-5bfa-bb1db9e85140,KXKLEAGUEGAME-25NOV09ULSSFC,Sports,2025-11-09T09:39:49.865936Z,2025-11-09 08:40:18.045826+00:00,2025-11-09 09:39:49.865936+00:00,3571.82011,59.53033516666667
KXKLEAGUEGAME-25NOV09ULSSFC-SFC,2025-11-09T08:40:18.038497Z,0.07,34,no,950daed7-a8a1-4aab-d104-a707cd73292c,KXKLEAGUEGAME-25NOV09ULSSFC,Sports,2025-11-09T09:39:49.865936Z,2025-11-09 08:40:18.038497+00:00,2025-11-09 09:39:49.865936+00:00,3571.827439,59.53045731666667
KXKLEAGUEGAME-25NOV09ULSSFC-SFC,2025-11-09T08:40:00.902262Z,0.06,38,no,dd8d29e9-156c-41ec-920f-95b1a8bbf1ea,KXKLEAGUEGAME-25NOV09ULSSFC,Sports,2025-11-09T09:39:49.865936Z,2025-11-09 08:40:00.902262+00:00,2025-11-09 09:39:49.865936+00:00,3588.963674,59.816061233333336
KXKLEAGUEGAME-25NOV09ULSSFC-SFC,2025-11-09T08:40:00.902262Z,0.06,1,no,d4b73e95-d255-4780-adf3-07fda5423a5c,KXKLEAGUEGAME-25NOV09ULSSFC,Sports,2025-11-09T09:39:49.865936Z,2025-11-09 08:40:00.902262+00:00,2025-11-09 09:39:49.865936+00:00,3588.963674,59.816061233333336
KXKLEAGUEGAME-25NOV09ULSSFC-SFC,2025-11-09T08:40:00.902262Z,0.07,166,no,2dd7e10e-c918-4575-ae37-5ea44466620a,KXKLEAGUEGAME-25NOV09ULSSFC,Sports,2025-11-09T09:39:49.865936Z,2025-11-09 08:40:00.902262+00:00,2025-11-09 09:39:49.865936+00:00,3588.963674,59.816061233333336
KXKLEAGUEGAME-25NOV09ULSSFC-SFC,2025-11-09T08:39:50.357642Z,0.07,1,no,c521aaa4-aab0-78b5-bce2-bbd872d0994a,KXKLEAGUEGAME-25NOV09ULSSFC,Sports,2025-11-09T09:39:49.865936Z,2025-11-09 08:39:50.357642+00:00,2025-11-09 09:39:49.865936+00:00,3599.508294,59.991804900000005
KXKLEAGUEGAME-25NOV09ULSSFC-SFC,2025-11-09T08:39:31.073232Z,0.12,4,yes,16dec743-08b6-718c-07a5-d2bc5f12ad7b,KXKLEAGUEGAME-25NOV09ULSSFC,Sports,2025-11-09T09:39:49.865936Z,2025-11-09 08:39:31.073232+00:00,2025-11-09 09:39:49.865936+00:00,3618.792704,60.31321173333333
KXKLEAGUEGAME-25NOV09ULSSFC-SFC,2025-11-09T08:39:27.716106Z,0.06,16,no,534b0a5c-0a59-64bc-8d57-2c078aa3cb34,KXKLEAGUEGAME-25NOV09ULSSFC,Sports,2025-11-09T09:39:49.865936Z,2025-11-09 08:39:27.716106+00:00,2025-11-09 09:39:49.865936+00:00,3622.14983,60.36916383333333
KXKLEAGUEGAME-25NOV09ULSSFC-SFC,2025-11-09T08:39:21.534953Z,0.06,2,no,d6b876dc-7f31-65bc-d799-ae580992b1ac,KXKLEAGUEGAME-25NOV09ULSSFC,Sports,2025-11-09T09:39:49.865936Z,2025-11-09 08:39:21.534953+00:00,2025-11-09 09:39:49.865936+00:00,3628.330983,60.47218305
KXKLEAGUEGAME-25NOV09ULSSFC-SFC,2025-11-09T08:39:11.732806Z,0.06,50,no,457948b5-36e9-4028-92a4-a56f8d93ab2c,KXKLEAGUEGAME-25NOV09ULSSFC,Sports,2025-11-09T09:39:49.865936Z,2025-11-09 08:39:11.732806+00:00,2025-11-09 09:39:49.865936+00:00,3638.13313,60.63555216666667
KXKLEAGUEGAME-25NOV09ULSSFC-SFC,2025-11-09T08:39:05.42Z,0.07,67,no,353ca2c2-1430-5ced-4f64-af5cbbde49ca,KXKLEAGUEGAME-25NOV09ULSSFC,Sports,2025-11-09T09:39:49.865936Z,2025-11-09 08:39:05.420000+00:00,2025-11-09 09:39:49.865936+00:00,3644.445936,60.7407656
KXKLEAGUEGAME-25NOV09ULSSFC-SFC,2025-11-09T08:39:05.064115Z,0.07,16,no,2ef6bda3-6484-4741-5bbb-fa6e9a75847e,KXKLEAGUEGAME-25NOV09ULSSFC,Sports,2025-11-09T09:39:49.865936Z,2025-11-09 08:39:05.064115+00:00,2025-11-09 09:39:49.865936+00:00,3644.801821,60.746697016666666
KXKLEAGUEGAME-25NOV09ULSSFC-SFC,2025-11-09T08:38:06.792594Z,0.05,86,no,d49673fe-cd4d-7e83-b359-79963e145eab,KXKLEAGUEGAME-25NOV09ULSSFC,Sports,2025-11-09T09:39:49.865936Z,2025-11-09 08:38:06.792594+00:00,2025-11-09 09:39:49.865936+00:00,3703.073342,61.717889033333336
KXKLEAGUEGAME-25NOV09ULSSFC-SFC,2025-11-09T08:38:06.792594Z,0.06,206,no,cd22f24f-780b-7d7d-b590-2cd5bf7b26b3,KXKLEAGUEGAME-25NOV09ULSSFC,Sports,2025-11-09T09:39:49.865936Z,2025-11-09 08:38:06.792594+00:00,2025-11-09 09:39:49.865936+00:00,3703.073342,61.717889033333336
KXKLEAGUEGAME-25NOV09ULSSFC-SFC,2025-11-09T08:38:06.792594Z,0.06,38,no,6b8162c0-4b56-7059-be9e-98c326959ea0,KXKLEAGUEGAME-25NOV09ULSSFC,Sports,2025-11-09T09:39:49.865936Z,2025-11-09 08:38:06.792594+00:00,2025-11-09 09:39:49.865936+00:00,3703.073342,61.717889033333336
KXKLEAGUEGAME-25NOV09ULSSFC-SFC,2025-11-09T08:38:06.792594Z,0.05,136,no,5f01e12a-ed58-70c0-af4b-d9a1182c3fad,KXKLEAGUEGAME-25NOV09ULSSFC,Sports,2025-11-09T09:39:49.865936Z,2025-11-09 08:38:06.792594+00:00,2025-11-09 09:39:49.865936+00:00,3703.073342,61.717889033333336
KXKLEAGUEGAME-25NOV09ULSSFC-SFC,2025-11-09T08:37:56.334553Z,0.14,25,yes,09d780d6-3b51-4488-57f8-d1aadecec4d8,KXKLEAGUEGAME-25NOV09ULSSFC,Sports,2025-11-09T09:39:49.865936Z,2025-11-09 08:37:56.334553+00:00,2025-11-09 09:39:49.865936+00:00,3713.531383,61.892189716666664
KXKLEAGUEGAME-25NOV09ULSSFC-SFC,2025-11-09T08:37:53.001244Z,0.14,33,yes,e20a11de-8f35-7c4c-3682-7d2468ecc79c,KXKLEAGUEGAME-25NOV09ULSSFC,Sports,2025-11-09T09:39:49.865936Z,2025-11-09 08:37:53.001244+00:00,2025-11-09 09:39:49.865936+00:00,3716.864692,61.94774486666667
KXKLEAGUEGAME-25NOV09ULSSFC-SFC,2025-11-09T08:37:51.319511Z,0.14,67,yes,a3bba8d4-6975-6cd0-34f4-81922ddcfe18,KXKLEAGUEGAME-25NOV09ULSSFC,Sports,2025-11-09T09:39:49.865936Z,2025-11-09 08:37:51.319511+00:00,2025-11-09 09:39:49.865936+00:00,3718.546425,61.97577375
KXKLEAGUEGAME-25NOV09ULSSFC-SFC,2025-11-09T08:37:15.112514Z,0.05,14,no,9c8dbf39-0ca9-5caf-92e5-c5aabbae37ab,KXKLEAGUEGAME-25NOV09ULSSFC,Sports,2025-11-09T09:39:49.865936Z,2025-11-09 08:37:15.112514+00:00,2025-11-09 09:39:49.865936+00:00,3754.753422,62.57922369999999
KXKLEAGUEGAME-25NOV09ULSSFC-SFC,2025-11-09T08:37:15.112514Z,0.05,11,no,121a78f7-4267-5aa3-9cf8-9e56d513d446,KXKLEAGUEGAME-25NOV09ULSSFC,Sports,2025-11-09T09:39:49.865936Z,2025-11-09 08:37:15.112514+00:00,2025-11-09 09:39:49.865936+00:00,3754.753422,62.57922369999999
KXKLEAGUEGAME-25NOV09ULSSFC-SFC,2025-11-09T08:37:09.161363Z,0.27,6,yes,40424bee-7c47-44f1-3fac-0b7f673326d2,KXKLEAGUEGAME-25NOV09ULSSFC,Sports,2025-11-09T09:39:49.865936Z,2025-11-09 08:37:09.161363+00:00,2025-11-09 09:39:49.865936+00:00,3760.704573,62.67840955
KXKLEAGUEGAME-25NOV09ULSSFC-SFC,2025-11-09T08:37:09.161363Z,0.2,2,yes,1c21536b-403a-4127-3a70-6fff5cbee0db,KXKLEAGUEGAME-25NOV09ULSSFC,Sports,2025-11-09T09:39:49.865936Z,2025-11-09 08:37:09.161363+00:00,2025-11-09 09:39:49.865936+00:00,3760.704573,62.67840955
KXKLEAGUEGAME-25NOV09ULSSFC-SFC,2025-11-09T08:37:05.4617Z,0.14,25,no,9612907c-0427-7235-d215-feef863be5c5,KXKLEAGUEGAME-25NOV09ULSSFC,Sports,2025-11-09T09:39:49.865936Z,2025-11-09 08:37:05.461700+00:00,2025-11-09 09:39:49.865936+00:00,3764.404236,62.740070599999996
KXKLEAGUEGAME-25NOV09ULSSFC-SFC,2025-11-09T08:36:53.059317Z,0.12,5,no,7324b35a-17ff-7136-be4e-186c115d0e30,KXKLEAGUEGAME-25NOV09ULSSFC,Sports,2025-11-09T09:39:49.865936Z,2025-11-09 08:36:53.059317+00:00,2025-11-09 09:39:49.865936+00:00,3776.806619,62.94677698333333
KXKLEAGUEGAME-25NOV09ULSSFC-SFC,2025-11-09T08:36:53.059317Z,0.14,24,no,20be427e-2d68-75b0-ba18-e66bd288c31a,KXKLEAGUEGAME-25NOV09ULSSFC,Sports,2025-11-09T09:39:49.865936Z,2025-11-09 08:36:53.059317+00:00,2025-11-09 09:39:49.865936+00:00,3776.806619,62.94677698333333
KXKLEAGUEGAME-25NOV09ULSSFC-SFC,2025-11-09T08:36:53.059317Z,0.13,25,no,0e308178-6eab-7ad2-b8e2-c3baeefbb80f,KXKLEAGUEGAME-25NOV09ULSSFC,Sports,2025-11-09T09:39:49.865936Z,2025-11-09 08:36:53.059317+00:00,2025-11-09 09:39:49.865936+00:00,3776.806619,62.94677698333333
KXKLEAGUEGAME-25NOV09ULSSFC-SFC,2025-11-09T08:36:50.232252Z,0.14,26,no,01dd404e-b594-7b3c-2b4d-bb1c6cd465da,KXKLEAGUEGAME-25NOV09ULSSFC,Sports,2025-11-09T09:39:49.865936Z,2025-11-09 08:36:50.232252+00:00,2025-11-09 09:39:49.865936+00:00,3779.633684,62.993894733333335
KXKLEAGUEGAME-25NOV09ULSSFC-SFC,2025-11-09T08:36:28.075339Z,0.14,40,no,f7dacb0f-6041-5ff2-02df-ffae9e159728,KXKLEAGUEGAME-25NOV09ULSSFC,Sports,2025-11-09T09:39:49.865936Z,2025-11-09 08:36:28.075339+00:00,2025-11-09 09:39:49.865936+00:00,3801.790597,63.36317661666667
KXKLEAGUEGAME-25NOV09ULSSFC-SFC,2025-11-09T08:36:18.609494Z,0.2,10,yes,ab5d040a-16d2-5a9f-1af0-44464a239353,KXKLEAGUEGAME-25NOV09ULSSFC,Sports,2025-11-09T09:39:49.865936Z,2025-11-09 08:36:18.609494+00:00,2025-11-09 09:39:49.865936+00:00,3811.256442,63.5209407
KXKLEAGUEGAME-25NOV09ULSSFC-SFC,2025-11-09T08:36:06.269243Z,0.19,5,no,96526975-6c65-481d-49bf-2a83ac4522c2,KXKLEAGUEGAME-25NOV09ULSSFC,Sports,2025-11-09T09:39:49.865936Z,2025-11-09 08:36:06.269243+00:00,2025-11-09 09:39:49.865936+00:00,3823.596693,63.72661155
KXKLEAGUEGAME-25NOV09ULSSFC-SFC,2025-11-09T08:35:59.873707Z,0.19,30,no,5d67f757-ba50-5eed-eb0e-5cae7fbaef20,KXKLEAGUEGAME-25NOV09ULSSFC,Sports,2025-11-09T09:39:49.865936Z,2025-11-09 08:35:59.873707+00:00,2025-11-09 09:39:49.865936+00:00,3829.992229,63.83320381666667
KXKLEAGUEGAME-25NOV09ULSSFC-SFC,2025-11-09T08:35:57.11186Z,0.19,5,no,a9963365-5258-73c1-4e61-5fa3957069ac,KXKLEAGUEGAME-25NOV09ULSSFC,Sports,2025-11-09T09:39:49.865936Z,2025-11-09 08:35:57.111860+00:00,2025-11-09 09:39:49.865936+00:00,3832.754076,63.879234600000004
KXKLEAGUEGAME-25NOV09ULSSFC-SFC,2025-11-09T08:35:56.510524Z,0.19,49,no,0e7a7dc9-1048-615d-a028-f9545d1d1af0,KXKLEAGUEGAME-25NOV09ULSSFC,Sports,2025-11-09T09:39:49.865936Z,2025-11-09 08:35:56.510524+00:00,2025-11-09 09:39:49.865936+00:00,3833.355412,63.88925686666666
KXKLEAGUEGAME-25NOV09ULSSFC-SFC,2025-11-09T08:35:55.112741Z,0.19,5,no,553c434e-1270-4d81-56c3-62ac643515f4,KXKLEAGUEGAME-25NOV09ULSSFC,Sports,2025-11-09T09:39:49.865936Z,2025-11-09 08:35:55.112741+00:00,2025-11-09 09:39:49.865936+00:00,3834.753195,63.912553249999995
KXKLEAGUEGAME-25NOV09ULSSFC-SFC,2025-11-09T08:35:55.10308Z,0.19,5,no,be8d2eee-a1a0-73fd-65f3-f9ff759d3310,KXKLEAGUEGAME-25NOV09ULSSFC,Sports,2025-11-09T09:39:49.865936Z,2025-11-09 08:35:55.103080+00:00,2025-11-09 09:39:49.865936+00:00,3834.762856,63.91271426666666
KXKLEAGUEGAME-25NOV09ULSSFC-SFC,2025-11-09T08:35:54.268111Z,0.19,5,no,db7e58e8-052c-6341-1a38-4096efe27688,KXKLEAGUEGAME-25NOV09ULSSFC,Sports,2025-11-09T09:39:49.865936Z,2025-11-09 08:35:54.268111+00:00,2025-11-09 09:39:49.865936+00:00,3835.597825,63.92663041666666
KXKLEAGUEGAME-25NOV09ULSSFC-SFC,2025-11-09T08:35:51.029579Z,0.19,10,no,83117944-2ac8-4079-002f-76af5f9a4500,KXKLEAGUEGAME-25NOV09ULSSFC,Sports,2025-11-09T09:39:49.865936Z,2025-11-09 08:35:51.029579+00:00,2025-11-09 09:39:49.865936+00:00,3838.836357,63.980605950000005
KXKLEAGUEGAME-25NOV09ULSSFC-SFC,2025-11-09T08:35:11.515359Z,0.2,38,no,7b3ebb66-45e6-51f5-8e75-073e0cdabfd7,KXKLEAGUEGAME-25NOV09ULSSFC,Sports,2025-11-09T09:39:49.865936Z,2025-11-09 08:35:11.515359+00:00,2025-11-09 09:39:49.865936+00:00,3878.350577,64.63917628333334
KXKLEAGUEGAME-25NOV09ULSSFC-SFC,2025-11-09T08:35:11.515359Z,0.2,25,no,0b1dc666-1040-5e56-a56e-7be8f9bd7940,KXKLEAGUEGAME-25NOV09ULSSFC,Sports,2025-11-09T09:39:49.865936Z,2025-11-09 08:35:11.515359+00:00,2025-11-09 09:39:49.865936+00:00,3878.350577,64.63917628333334
KXKLEAGUEGAME-25NOV09ULSSFC-SFC,2025-11-09T08:33:55.280789Z,0.36,50,yes,bdb8dd01-58a1-594e-1dfd-7d3cb9e96f91,KXKLEAGUEGAME-25NOV09ULSSFC,Sports,2025-11-09T09:39:49.865936Z,2025-11-09 08:33:55.280789+00:00,2025-11-09 09:39:49.865936+00:00,3954.585147,65.90975245
KXKLEAGUEGAME-25NOV09ULSSFC-SFC,2025-11-09T08:33:55.280789Z,0.36,2,yes,8e382e6d-5b48-5f1f-2a08-d74b9525f8d4,KXKLEAGUEGAME-25NOV09ULSSFC,Sports,2025-11-09T09:39:49.865936Z,2025-11-09 08:33:55.280789+00:00,2025-11-09 09:39:49.865936+00:00,3954.585147,65.90975245
KXKLEAGUEGAME-25NOV09ULSSFC-SFC,2025-11-09T08:33:55.280789Z,0.52,20,yes,66ad91a6-9299-5ce9-3813-0bc38e687553,KXKLEAGUEGAME-25NOV09ULSSFC,Sports,2025-11-09T09:39:49.865936Z,2025-11-09 08:33:55.280789+00:00,2025-11-09 09:39:49.865936+00:00,3954.585147,65.90975245
KXKLEAGUEGAME-25NOV09ULSSFC-SFC,2025-11-09T08:33:39.54253Z,0.2,3,no,be212bb6-c4e3-720b-dd6f-addcb156ff56,KXKLEAGUEGAME-25NOV09ULSSFC,Sports,2025-11-09T09:39:49.865936Z,2025-11-09 08:33:39.542530+00:00,2025-11-09 09:39:49.865936+00:00,3970.323406,66.17205676666667
KXKLEAGUEGAME-25NOV09ULSSFC-SFC,2025-11-09T08:33:08.016203Z,0.36,10,yes,cc3f873f-14ae-53a3-7671-1650b7e2056a,KXKLEAGUEGAME-25NOV09ULSSFC,Sports,2025-11-09T09:39:49.865936Z,2025-11-09 08:33:08.016203+00:00,2025-11-09 09:39:49.865936+00:00,4001.849733,66.69749555
KXKLEAGUEGAME-25NOV09ULSSFC-SFC,2025-11-09T08:32:57.980408Z,0.25,50,no,7bb963b4-ec74-4b4f-d352-cd10da821948,KXKLEAGUEGAME-25NOV09ULSSFC,Sports,2025-11-09T09:39:49.865936Z,2025-11-09 08:32:57.980408+00:00,2025-11-09 09:39:49.865936+00:00,4011.885528,66.86475879999999
KXKLEAGUEGAME-25NOV09ULSSFC-SFC,2025-11-09T08:32:30.178543Z,0.29,30,yes,eba6f592-b89d-54fa-5ca6-a4e681c4c1eb,KXKLEAGUEGAME-25NOV09ULSSFC,Sports,2025-11-09T09:39:49.865936Z,2025-11-09 08:32:30.178543+00:00,2025-11-09 09:39:49.865936+00:00,4039.687393,67.32812321666667
KXKLEAGUEGAME-25NOV09ULSSFC-SFC,2025-11-09T08:32:30.178543Z,0.36,58,yes,e7d3df06-a36e-5d20-6561-49d696c4c2a7,KXKLEAGUEGAME-25NOV09ULSSFC,Sports,2025-11-09T09:39:49.865936Z,2025-11-09 08:32:30.178543+00:00,2025-11-09 09:39:49.865936+00:00,4039.687393,67.32812321666667
KXKLEAGUEGAME-25NOV09ULSSFC-SFC,2025-11-09T08:32:30.178543Z,0.34,20,yes,d69c14af-04d3-5c6d-4490-523c2159c0fe,KXKLEAGUEGAME-25NOV09ULSSFC,Sports,2025-11-09T09:39:49.865936Z,2025-11-09 08:32:30.178543+00:00,2025-11-09 09:39:49.865936+00:00,4039.687393,67.32812321666667
KXKLEAGUEGAME-25NOV09ULSSFC-SFC,2025-11-09T08:32:30.178543Z,0.37,20,yes,d3a6095f-cfca-52a9-6cab-21045efb1d29,KXKLEAGUEGAME-25NOV09ULSSFC,Sports,2025-11-09T09:39:49.865936Z,2025-11-09 08:32:30.178543+00:00,2025-11-09 09:39:49.865936+00:00,4039.687393,67.32812321666667
KXKLEAGUEGAME-25NOV09ULSSFC-SFC,2025-11-09T08:32:30.178543Z,0.29,135,yes,a8b56c34-a06e-58c0-4d2d-5008aa026049,KXKLEAGUEGAME-25NOV09ULSSFC,Sports,2025-11-09T09:39:49.865936Z,2025-11-09 08:32:30.178543+00:00,2025-11-09 09:39:49.865936+00:00,4039.687393,67.32812321666667
KXKLEAGUEGAME-25NOV09ULSSFC-SFC,2025-11-09T08:32:30.178543Z,0.34,174,yes,8fb63c4d-31ed-571a-4282-2a286297be39,KXKLEAGUEGAME-25NOV09ULSSFC,Sports,2025-11-09T09:39:49.865936Z,2025-11-09 08:32:30.178543+00:00,2025-11-09 09:39:49.865936+00:00,4039.687393,67.32812321666667
KXKLEAGUEGAME-25NOV09ULSSFC-SFC,2025-11-09T08:32:30.178543Z,0.28,135,yes,8bf1baee-12ca-55e2-6425-877be4c7699a,KXKLEAGUEGAME-25NOV09ULSSFC,Sports,2025-11-09T09:39:49.865936Z,2025-11-09 08:32:30.178543+00:00,2025-11-09 09:39:49.865936+00:00,4039.687393,67.32812321666667
KXKLEAGUEGAME-25NOV09ULSSFC-SFC,2025-11-09T08:32:30.178543Z,0.36,118,yes,5e50c74f-9395-5dd8-7c60-d1692c49bcc7,KXKLEAGUEGAME-25NOV09ULSSFC,Sports,2025-11-09T09:39:49.865936Z,2025-11-09 08:32:30.178543+00:00,2025-11-09 09:39:49.865936+00:00,4039.687393,67.32812321666667
KXKLEAGUEGAME-25NOV09ULSSFC-SFC,2025-11-09T08:32:30.178543Z,0.3,137,yes,5c2e8408-f963-5fb4-77c1-8eee21502206,KXKLEAGUEGAME-25NOV09ULSSFC,Sports,2025-11-09T09:39:49.865936Z,2025-11-09 08:32:30.178543+00:00,2025-11-09 09:39:49.865936+00:00,4039.687393,67.32812321666667
KXKLEAGUEGAME-25NOV09ULSSFC-SFC,2025-11-09T08:32:30.178543Z,0.37,78,yes,4eeb9892-40a9-5e52-5b1a-a5eab8bab0c7,KXKLEAGUEGAME-25NOV09ULSSFC,Sports,2025-11-09T09:39:49.865936Z,2025-11-09 08:32:30.178543+00:00,2025-11-09 09:39:49.865936+00:00,4039.687393,67.32812321666667
KXKLEAGUEGAME-25NOV09ULSSFC-SFC,2025-11-09T08:32:30.178543Z,0.33,135,yes,44a9bdbb-8213-5348-4321-1bc32b60f224,KXKLEAGUEGAME-25NOV09ULSSFC,Sports,2025-11-09T09:39:49.865936Z,2025-11-09 08:32:30.178543+00:00,2025-11-09 09:39:49.865936+00:00,4039.687393,67.32812321666667
KXKLEAGUEGAME-25NOV09ULSSFC-SFC,2025-11-09T08:32:30.178543Z,0.36,118,yes,3464e55a-0f6b-5cf5-408c-4ac1d04798e3,KXKLEAGUEGAME-25NOV09ULSSFC,Sports,2025-11-09T09:39:49.865936Z,2025-11-09 08:32:30.178543+00:00,2025-11-09 09:39:49.865936+00:00,4039.687393,67.32812321666667
KXKLEAGUEGAME-25NOV09ULSSFC-SFC,2025-11-09T08:32:30.178543Z,0.36,118,yes,2d95ec26-3559-5546-51a4-99a98de18044,KXKLEAGUEGAME-25NOV09ULSSFC,Sports,2025-11-09T09:39:49.865936Z,2025-11-09 08:32:30.178543+00:00,2025-11-09 09:39:49.865936+00:00,4039.687393,67.32812321666667
KXKLEAGUEGAME-25NOV09ULSSFC-SFC,2025-11-09T08:32:30.178543Z,0.35,153,yes,1895347a-1402-5cbb-67f9-5ec155e607ea,KXKLEAGUEGAME-25NOV09ULSSFC,Sports,2025-11-09T09:39:49.865936Z,2025-11-09 08:32:30.178543+00:00,2025-11-09 09:39:49.865936+00:00,4039.687393,67.32812321666667
KXKLEAGUEGAME-25NOV09ULSSFC-SFC,2025-11-09T08:31:13.846889Z,0.27,52,yes,0cb5f9c1-c45a-5de0-f7f2-b6005b883f8d,KXKLEAGUEGAME-25NOV09ULSSFC,Sports,2025-11-09T09:39:49.865936Z,2025-11-09 08:31:13.846889+00:00,2025-11-09 09:39:49.865936+00:00,4116.019047,68.60031744999999
KXKLEAGUEGAME-25NOV09ULSSFC-SFC,2025-11-09T08:30:54.526195Z,0.27,2,yes,86f8abf3-8312-6200-0123-db91f8e21019,KXKLEAGUEGAME-25NOV09ULSSFC,Sports,2025-11-09T09:39:49.865936Z,2025-11-09 08:30:54.526195+00:00,2025-11-09 09:39:49.865936+00:00,4135.339741,68.92232901666667
KXKLEAGUEGAME-25NOV09ULSSFC-SFC,2025-11-09T08:30:42.724312Z,0.27,34,yes,ec19bddb-ff66-718c-1dbc-0eeb5b4fb945,KXKLEAGUEGAME-25NOV09ULSSFC,Sports,2025-11-09T09:39:49.865936Z,2025-11-09 08:30:42.724312+00:00,2025-11-09 09:39:49.865936+00:00,4147.141624,69.11902706666666
KXKLEAGUEGAME-25NOV09ULSSFC-SFC,2025-11-09T08:30:19.962207Z,0.28,3,yes,0ddbf48d-87de-6fe2-00aa-005e506c27f9,KXKLEAGUEGAME-25NOV09ULSSFC,Sports,2025-11-09T09:39:49.865936Z,2025-11-09 08:30:19.962207+00:00,2025-11-09 09:39:49.865936+00:00,4169.903729,69.49839548333333
KXKLEAGUEGAME-25NOV09ULSSFC-SFC,2025-11-09T08:30:05.608867Z,0.19,1,no,4a7deb2f-7e64-6ad5-535d-a08b87999368,KXKLEAGUEGAME-25NOV09ULSSFC,Sports,2025-11-09T09:39:49.865936Z,2025-11-09 08:30:05.608867+00:00,2025-11-09 09:39:49.865936+00:00,4184.257069,69.73761781666667
KXKLEAGUEGAME-25NOV09ULSSFC-SFC,2025-11-09T08:27:52.243965Z,0.28,26,yes,89d76b98-3b36-4cfe-0fa0-a2d9d7a51261,KXKLEAGUEGAME-25NOV09ULSSFC,Sports,2025-11-09T09:39:49.865936Z,2025-11-09 08:27:52.243965+00:00,2025-11-09 09:39:49.865936+00:00,4317.621971,71.96036618333332
KXKLEAGUEGAME-25NOV09ULSSFC-SFC,2025-11-09T08:27:42.627632Z,0.28,17,yes,f280263e-3ae6-4f9e-b675-ac7833b945b5,KXKLEAGUEGAME-25NOV09ULSSFC,Sports,2025-11-09T09:39:49.865936Z,2025-11-09 08:27:42.627632+00:00,2025-11-09 09:39:49.865936+00:00,4327.238304,72.1206384
KXKLEAGUEGAME-25NOV09ULSSFC-SFC,2025-11-09T08:27:29.904351Z,0.24,1,no,511cef96-580a-4c88-7089-92ac3ef9c0d7,KXKLEAGUEGAME-25NOV09ULSSFC,Sports,2025-11-09T09:39:49.865936Z,2025-11-09 08:27:29.904351+00:00,2025-11-09 09:39:49.865936+00:00,4339.961585,72.33269308333334
KXKLEAGUEGAME-25NOV09ULSSFC-SFC,2025-11-09T08:27:03.699671Z,0.3,145,yes,e567d94d-02e9-5c31-acaa-f0ebae4931cb,KXKLEAGUEGAME-25NOV09ULSSFC,Sports,2025-11-09T09:39:49.865936Z,2025-11-09 08:27:03.699671+00:00,2025-11-09 09:39:49.865936+00:00,4366.166265,72.76943775
KXKLEAGUEGAME-25NOV09ULSSFC-SFC,2025-11-09T08:27:03.699671Z,0.28,137,yes,db86d852-679b-56e4-841c-c7c89ef22289,KXKLEAGUEGAME-25NOV09ULSSFC,Sports,2025-11-09T09:39:49.865936Z,2025-11-09 08:27:03.699671+00:00,2025-11-09 09:39:49.865936+00:00,4366.166265,72.76943775
KXKLEAGUEGAME-25NOV09ULSSFC-SFC,2025-11-09T08:27:03.699671Z,0.29,154,yes,8c465039-7f7d-5117-8c58-610d4f371584,KXKLEAGUEGAME-25NOV09ULSSFC,Sports,2025-11-09T09:39:49.865936Z,2025-11-09 08:27:03.699671+00:00,2025-11-09 09:39:49.865936+00:00,4366.166265,72.76943775
KXKLEAGUEGAME-25NOV09ULSSFC-SFC,2025-11-09T08:27:03.699671Z,0.29,30,yes,69e7ff28-25d8-5cc3-85b1-04958067c864,KXKLEAGUEGAME-25NOV09ULSSFC,Sports,2025-11-09T09:39:49.865936Z,2025-11-09 08:27:03.699671+00:00,2025-11-09 09:39:49.865936+00:00,4366.166265,72.76943775
KXKLEAGUEGAME-25NOV09ULSSFC-SFC,2025-11-09T08:27:00.687525Z,0.28,3,yes,ae66117f-36ff-4498-62ec-a207dd98fad5,KXKLEAGUEGAME-25NOV09ULSSFC,Sports,2025-11-09T09:39:49.865936Z,2025-11-09 08:27:00.687525+00:00,2025-11-09 09:39:49.865936+00:00,4369.178411,72.81964018333333
KXKLEAGUEGAME-25NOV09ULSSFC-SFC,2025-11-09T08:26:50.595874Z,0.28,10,yes,15afea7e-c4f7-4958-7e58-e79793d14e5d,KXKLEAGUEGAME-25NOV09ULSSFC,Sports,2025-11-09T09:39:49.865936Z,2025-11-09 08:26:50.595874+00:00,2025-11-09 09:39:49.865936+00:00,4379.270062,72.98783436666666
KXKLEAGUEGAME-25NOV09ULSSFC-SFC,2025-11-09T08:26:44.18496Z,0.19,3,no,4fd30e9d-8cb0-7f31-75a0-909232b7c81c,KXKLEAGUEGAME-25NOV09ULSSFC,Sports,2025-11-09T09:39:49.865936Z,2025-11-09 08:26:44.184960+00:00,2025-11-09 09:39:49.865936+00:00,4385.680976,73.09468293333333
KXKLEAGUEGAME-25NOV09ULSSFC-SFC,2025-11-09T08:26:37.903824Z,0.28,3,yes,8e0205a6-bda7-5afc-eba9-745c9a42ccc5,KXKLEAGUEGAME-25NOV09ULSSFC,Sports,2025-11-09T09:39:49.865936Z,2025-11-09 08:26:37.903824+00:00,2025-11-09 09:39:49.865936+00:00,4391.962112,73.19936853333334
KXKLEAGUEGAME-25NOV09ULSSFC-SFC,2025-11-09T08:26:24.038832Z,0.31,27,yes,a695edb1-237d-6a93-26f4-960e7f80dfc2,KXKLEAGUEGAME-25NOV09ULSSFC,Sports,2025-11-09T09:39:49.865936Z,2025-11-09 08:26:24.038832+00:00,2025-11-09 09:39:49.865936+00:00,4405.827104,73.43045173333333
KXKLEAGUEGAME-25NOV09ULSSFC-SFC,2025-11-09T08:26:20.133555Z,0.32,1,yes,94aa167d-af3b-7149-54e1-e2fdef808307,KXKLEAGUEGAME-25NOV09ULSSFC,Sports,2025-11-09T09:39:49.865936Z,2025-11-09 08:26:20.133555+00:00,2025-11-09 09:39:49.865936+00:00,4409.732381,73.49553968333333
KXKLEAGUEGAME-25NOV09ULSSFC-SFC,2025-11-09T08:26:03.427259Z,0.28,38,yes,22c5fe69-16ad-6f03-5d2f-e84dbe822a97,KXKLEAGUEGAME-25NOV09ULSSFC,Sports,2025-11-09T09:39:49.865936Z,2025-11-09 08:26:03.427259+00:00,2025-11-09 09:39:49.865936+00:00,4426.438677,73.77397795
KXKLEAGUEGAME-25NOV09ULSSFC-SFC,2025-11-09T08:26:03.427259Z,0.28,30,yes,0a93a9a7-8350-613a-729b-60c4c1426434,KXKLEAGUEGAME-25NOV09ULSSFC,Sports,2025-11-09T09:39:49.865936Z,2025-11-09 08:26:03.427259+00:00,2025-11-09 09:39:49.865936+00:00,4426.438677,73.77397795
KXKLEAGUEGAME-25NOV09ULSSFC-SFC,2025-11-09T08:25:50.305532Z,0.22,16,no,0a2a9aa3-a9ae-5a34-88f1-cbe2135bcd44,KXKLEAGUEGAME-25NOV09ULSSFC,Sports,2025-11-09T09:39:49.865936Z,2025-11-09 08:25:50.305532+00:00,2025-11-09 09:39:49.865936+00:00,4439.560404,73.9926734
KXKLEAGUEGAME-25NOV09ULSSFC-SFC,2025-11-09T08:25:50.299581Z,0.25,17,no,1a282fff-7f76-55c0-4c43-f97cb6e68b91,KXKLEAGUEGAME-25NOV09ULSSFC,Sports,2025-11-09T09:39:49.865936Z,2025-11-09 08:25:50.299581+00:00,2025-11-09 09:39:49.865936+00:00,4439.566355,73.99277258333333
KXKLEAGUEGAME-25NOV09ULSSFC-SFC,2025-11-09T08:25:37.119866Z,0.25,1,no,d13b3426-1dc6-5130-c55d-23ac06ee5add,KXKLEAGUEGAME-25NOV09ULSSFC,Sports,2025-11-09T09:39:49.865936Z,2025-11-09 08:25:37.119866+00:00,2025-11-09 09:39:49.865936+00:00,4452.74607,74.2124345
KXKLEAGUEGAME-25NOV09ULSSFC-SFC,2025-11-09T08:24:58.007952Z,0.25,30,no,0fda4211-08da-7190-52fb-64a0a661dadd,KXKLEAGUEGAME-25NOV09ULSSFC,Sports,2025-11-09T09:39:49.865936Z,2025-11-09 08:24:58.007952+00:00,2025-11-09 09:39:49.865936+00:00,4491.857984,74.86429973333334
KXKLEAGUEGAME-25NOV09ULSSFC-SFC,2025-11-09T08:24:43.988609Z,0.27,7,yes,b8081e00-cd12-79fb-c427-6b3f799b8509,KXKLEAGUEGAME-25NOV09ULSSFC,Sports,2025-11-09T09:39:49.865936Z,2025-11-09 08:24:43.988609+00:00,2025-11-09 09:39:49.865936+00:00,4505.877327,75.09795545
KXKLEAGUEGAME-25NOV09ULSSFC-SFC,2025-11-09T08:24:15.9448Z,0.28,22,yes,def96afa-df1a-751f-9758-43fa7093fd1c,KXKLEAGUEGAME-25NOV09ULSSFC,Sports,2025-11-09T09:39:49.865936Z,2025-11-09 08:24:15.944800+00:00,2025-11-09 09:39:49.865936+00:00,4533.921136,75.56535226666666
KXKLEAGUEGAME-25NOV09ULSSFC-SFC,2025-11-09T08:24:15.9448Z,0.27,45,yes,d59c853b-cc43-7eee-89e7-1751de7d80a9,KXKLEAGUEGAME-25NOV09ULSSFC,Sports,2025-11-09T09:39:49.865936Z,2025-11-09 08:24:15.944800+00:00,2025-11-09 09:39:49.865936+00:00,4533.921136,75.56535226666666
KXKLEAGUEGAME-25NOV09ULSSFC-SFC,2025-11-09T08:24:15.9448Z,0.28,30,yes,757dccff-19ea-7863-bc1a-0a6f4e2baafa,KXKLEAGUEGAME-25NOV09ULSSFC,Sports,2025-11-09T09:39:49.865936Z,2025-11-09 08:24:15.944800+00:00,2025-11-09 09:39:49.865936+00:00,4533.921136,75.56535226666666
KXKLEAGUEGAME-25NOV09ULSSFC-SFC,2025-11-09T08:22:25.961445Z,0.25,10,no,a9d22e39-01d2-6ae4-d395-4e62fe855671,KXKLEAGUEGAME-25NOV09ULSSFC,Sports,2025-11-09T09:39:49.865936Z,2025-11-09 08:22:25.961445+00:00,2025-11-09 09:39:49.865936+00:00,4643.904491,77.39840818333333
KXKLEAGUEGAME-25NOV09ULSSFC-SFC,2025-11-09T08:22:22.204868Z,0.28,30,yes,ee03133b-80ab-788d-e72c-c877293cf450,KXKLEAGUEGAME-25NOV09ULSSFC,Sports,2025-11-09T09:39:49.865936Z,2025-11-09 08:22:22.204868+00:00,2025-11-09 09:39:49.865936+00:00,4647.661068,77.46101780000001
KXKLEAGUEGAME-25NOV09ULSSFC-SFC,2025-11-09T08:22:22.204868Z,0.27,51,yes,c79df25e-792d-7272-c89e-bb9d7d0f4349,KXKLEAGUEGAME-25NOV09ULSSFC,Sports,2025-11-09T09:39:49.865936Z,2025-11-09 08:22:22.204868+00:00,2025-11-09 09:39:49.865936+00:00,4647.661068,77.46101780000001
KXKLEAGUEGAME-25NOV09ULSSFC-SFC,2025-11-09T08:22:22.204868Z,0.28,56,yes,50f1953a-ae43-7fd2-e960-f957ba250195,KXKLEAGUEGAME-25NOV09ULSSFC,Sports,2025-11-09T09:39:49.865936Z,2025-11-09 08:22:22.204868+00:00,2025-11-09 09:39:49.865936+00:00,4647.661068,77.46101780000001
KXKLEAGUEGAME-25NOV09ULSSFC-SFC,2025-11-09T08:21:43.129721Z,0.27,11,yes,ad409ca7-5cdd-4836-3a9d-82f58c98f4b1,KXKLEAGUEGAME-25NOV09ULSSFC,Sports,2025-11-09T09:39:49.865936Z,2025-11-09 08:21:43.129721+00:00,2025-11-09 09:39:49.865936+00:00,4686.736215,78.11227025
KXKLEAGUEGAME-25NOV09ULSSFC-SFC,2025-11-09T08:21:20.721756Z,0.25,21,no,565f7bc9-4e72-4480-7207-61ea755ef1d5,KXKLEAGUEGAME-25NOV09ULSSFC,Sports,2025-11-09T09:39:49.865936Z,2025-11-09 08:21:20.721756+00:00,2025-11-09 09:39:49.865936+00:00,4709.14418,78.48573633333334
KXKLEAGUEGAME-25NOV09ULSSFC-SFC,2025-11-09T08:21:08.955584Z,0.25,21,no,c1867981-cea6-672c-4464-1010412dd179,KXKLEAGUEGAME-25NOV09ULSSFC,Sports,2025-11-09T09:39:49.865936Z,2025-11-09 08:21:08.955584+00:00,2025-11-09 09:39:49.865936+00:00,4720.910352,78.6818392
KXKLEAGUEGAME-25NOV09ULSSFC-SFC,2025-11-09T08:20:43.464505Z,0.28,30,yes,a17f8ec0-abb3-52c3-8764-d053fcff3003,KXKLEAGUEGAME-25NOV09ULSSFC,Sports,2025-11-09T09:39:49.865936Z,2025-11-09 08:20:43.464505+00:00,2025-11-09 09:39:49.865936+00:00,4746.401431,79.10669051666667
KXKLEAGUEGAME-25NOV09ULSSFC-SFC,2025-11-09T08:20:43.464505Z,0.28,36,yes,8f6753e5-8be0-5ff2-9700-21c384a968e1,KXKLEAGUEGAME-25NOV09ULSSFC,Sports,2025-11-09T09:39:49.865936Z,2025-11-09 08:20:43.464505+00:00,2025-11-09 09:39:49.865936+00:00,4746.401431,79.10669051666667
KXKLEAGUEGAME-25NOV09ULSSFC-SFC,2025-11-09T08:20:43.464505Z,0.27,103,yes,000e435a-fe0a-52eb-9647-0c5a4d8dfa29,KXKLEAGUEGAME-25NOV09ULSSFC,Sports,2025-11-09T09:39:49.865936Z,2025-11-09 08:20:43.464505+00:00,2025-11-09 09:39:49.865936+00:00,4746.401431,79.10669051666667
KXKLEAGUEGAME-25NOV09ULSSFC-SFC,2025-11-09T08:20:07.837689Z,0.27,10,yes,e7662e60-cb8e-5c4b-93c8-1815ab34e03d,KXKLEAGUEGAME-25NOV09ULSSFC,Sports,2025-11-09T09:39:49.865936Z,2025-11-09 08:20:07.837689+00:00,2025-11-09 09:39:49.865936+00:00,4782.028247,79.70047078333333
KXKLEAGUEGAME-25NOV09ULSSFC-SFC,2025-11-09T08:20:00.752425Z,0.27,17,yes,7835f293-8d3e-685f-d9ca-eff238409e59,KXKLEAGUEGAME-25NOV09ULSSFC,Sports,2025-11-09T09:39:49.865936Z,2025-11-09 08:20:00.752425+00:00,2025-11-09 09:39:49.865936+00:00,4789.113511,79.81855851666666
KXKLEAGUEGAME-25NOV09ULSSFC-SFC,2025-11-09T08:18:08.637662Z,0.2,36,no,d3fcd3d9-5d98-446d-dcf8-362614683c4f,KXKLEAGUEGAME-25NOV09ULSSFC,Sports,2025-11-09T09:39:49.865936Z,2025-11-09 08:18:08.637662+00:00,2025-11-09 09:39:49.865936+00:00,4901.228274,81.6871379
KXKLEAGUEGAME-25NOV09ULSSFC-SFC,2025-11-09T08:17:47.182885Z,0.2,47,no,4133526d-7396-5574-f79e-9ae650f4f9d0,KXKLEAGUEGAME-25NOV09ULSSFC,Sports,2025-11-09T09:39:49.865936Z,2025-11-09 08:17:47.182885+00:00,2025-11-09 09:39:49.865936+00:00,4922.683051,82.04471751666667
KXKLEAGUEGAME-25NOV09ULSSFC-SFC,2025-11-09T08:17:40.41347Z,0.19,5,no,bf3ef866-a6a3-5788-db8b-48912705b4c7,KXKLEAGUEGAME-25NOV09ULSSFC,Sports,2025-11-09T09:39:49.865936Z,2025-11-09 08:17:40.413470+00:00,2025-11-09 09:39:49.865936+00:00,4929.452466,82.15754109999999
KXKLEAGUEGAME-25NOV09ULSSFC-SFC,2025-11-09T08:17:38.065362Z,0.31,4,yes,ab97039b-c00e-5b8b-ea00-a1add95bd947,KXKLEAGUEGAME-25NOV09ULSSFC,Sports,2025-11-09T09:39:49.865936Z,2025-11-09 08:17:38.065362+00:00,2025-11-09 09:39:49.865936+00:00,4931.800574,82.19667623333333
KXKLEAGUEGAME-25NOV09ULSSFC-SFC,2025-11-09T08:17:10.719765Z,0.35,1,yes,4af598d7-4620-6403-e105-8ac4d5ab746f,KXKLEAGUEGAME-25NOV09ULSSFC,Sports,2025-11-09T09:39:49.865936Z,2025-11-09 08:17:10.719765+00:00,2025-11-09 09:39:49.865936+00:00,4959.146171,82.65243618333334
KXKLEAGUEGAME-25NOV09ULSSFC-SFC,2025-11-09T08:17:05.881082Z,0.34,13,yes,88f03c87-be2c-6800-16e2-9b4563a6450d,KXKLEAGUEGAME-25NOV09ULSSFC,Sports,2025-11-09T09:39:49.865936Z,2025-11-09 08:17:05.881082+00:00,2025-11-09 09:39:49.865936+00:00,4963.984854,82.7330809
KXKLEAGUEGAME-25NOV09ULSSFC-SFC,2025-11-09T08:16:50.307154Z,0.42,16,yes,f71ee1b2-b8a2-7ced-de39-b3f251dde936,KXKLEAGUEGAME-25NOV09ULSSFC,Sports,2025-11-09T09:39:49.865936Z,2025-11-09 08:16:50.307154+00:00,2025-11-09 09:39:49.865936+00:00,4979.558782,82.99264636666666
KXKLEAGUEGAME-25NOV09ULSSFC-SFC,2025-11-09T08:16:50.307154Z,0.35,30,yes,d5854943-b6c0-7a0f-cc60-f28b7c5015d1,KXKLEAGUEGAME-25NOV09ULSSFC,Sports,2025-11-09T09:39:49.865936Z,2025-11-09 08:16:50.307154+00:00,2025-11-09 09:39:49.865936+00:00,4979.558782,82.99264636666666
KXKLEAGUEGAME-25NOV09ULSSFC-SFC,2025-11-09T08:16:50.307154Z,0.35,50,yes,818a250f-f8a8-7f12-fe2c-c973785ba8b6,KXKLEAGUEGAME-25NOV09ULSSFC,Sports,2025-11-09T09:39:49.865936Z,2025-11-09 08:16:50.307154+00:00,2025-11-09 09:39:49.865936+00:00,4979.558782,82.99264636666666
KXKLEAGUEGAME-25NOV09ULSSFC-SFC,2025-11-09T08:16:50.307154Z,0.4,32,yes,66ba50f3-a9f0-761a-e4b5-c851a0904aa0,KXKLEAGUEGAME-25NOV09ULSSFC,Sports,2025-11-09T09:39:49.865936Z,2025-11-09 08:16:50.307154+00:00,2025-11-09 09:39:49.865936+00:00,4979.558782,82.99264636666666
KXKLEAGUEGAME-25NOV09ULSSFC-SFC,2025-11-09T08:16:08.77126Z,0.22,77,no,fc19eb7d-ef4b-42d2-8f32-69fa1bf96ec7,KXKLEAGUEGAME-25NOV09ULSSFC,Sports,2025-11-09T09:39:49.865936Z,2025-11-09 08:16:08.771260+00:00,2025-11-09 09:39:49.865936+00:00,5021.094676,83.68491126666666
KXKLEAGUEGAME-25NOV09ULSSFC-SFC,2025-11-09T08:16:08.77126Z,0.21,75,no,df9ddf8d-0ec1-4b5c-8386-3a3b4249ac1c,KXKLEAGUEGAME-25NOV09ULSSFC,Sports,2025-11-09T09:39:49.865936Z,2025-11-09 08:16:08.771260+00:00,2025-11-09 09:39:49.865936+00:00,5021.094676,83.68491126666666
KXKLEAGUEGAME-25NOV09ULSSFC-SFC,2025-11-09T08:16:08.77126Z,0.23,77,no,dba64792-b88e-4f0f-9c7a-91178fcd5518,KXKLEAGUEGAME-25NOV09ULSSFC,Sports,2025-11-09T09:39:49.865936Z,2025-11-09 08:16:08.771260+00:00,2025-11-09 09:39:49.865936+00:00,5021.094676,83.68491126666666
KXKLEAGUEGAME-25NOV09ULSSFC-SFC,2025-11-09T08:16:08.77126Z,0.2,98,no,c23252f8-ecc9-4cfe-a8c6-cc60aafa91c1,KXKLEAGUEGAME-25NOV09ULSSFC,Sports,2025-11-09T09:39:49.865936Z,2025-11-09 08:16:08.771260+00:00,2025-11-09 09:39:49.865936+00:00,5021.094676,83.68491126666666
KXKLEAGUEGAME-25NOV09ULSSFC-SFC,2025-11-09T08:16:08.77126Z,0.19,78,no,940d7b09-e341-4288-ab97-8a4395ab966d,KXKLEAGUEGAME-25NOV09ULSSFC,Sports,2025-11-09T09:39:49.865936Z,2025-11-09 08:16:08.771260+00:00,2025-11-09 09:39:49.865936+00:00,5021.094676,83.68491126666666
KXKLEAGUEGAME-25NOV09ULSSFC-SFC,2025-11-09T08:16:08.77126Z,0.16,29,no,90f3438a-26bf-48d0-b5c2-3e17ec52d044,KXKLEAGUEGAME-25NOV09ULSSFC,Sports,2025-11-09T09:39:49.865936Z,2025-11-09 08:16:08.771260+00:00,2025-11-09 09:39:49.865936+00:00,5021.094676,83.68491126666666
KXKLEAGUEGAME-25NOV09ULSSFC-SFC,2025-11-09T08:16:08.77126Z,0.2,98,no,6c2556c4-8cee-4b33-b2af-eabd715565e0,KXKLEAGUEGAME-25NOV09ULSSFC,Sports,2025-11-09T09:39:49.865936Z,2025-11-09 08:16:08.771260+00:00,2025-11-09 09:39:49.865936+00:00,5021.094676,83.68491126666666
KXKLEAGUEGAME-25NOV09ULSSFC-SFC,2025-11-09T08:16:08.77126Z,0.2,79,no,46f95bac-cc1b-4374-9c6c-17df49862193,KXKLEAGUEGAME-25NOV09ULSSFC,Sports,2025-11-09T09:39:49.865936Z,2025-11-09 08:16:08.771260+00:00,2025-11-09 09:39:49.865936+00:00,5021.094676,83.68491126666666
KXKLEAGUEGAME-25NOV09ULSSFC-SFC,2025-11-09T08:16:08.77126Z,0.2,98,no,4681d564-8195-49d2-9c6e-f558127496c1,KXKLEAGUEGAME-25NOV09ULSSFC,Sports,2025-11-09T09:39:49.865936Z,2025-11-09 08:16:08.771260+00:00,2025-11-09 09:39:49.865936+00:00,5021.094676,83.68491126666666
KXKLEAGUEGAME-25NOV09ULSSFC-SFC,2025-11-09T08:16:08.77126Z,0.2,98,no,31ff4c6d-faa2-40ad-aa8f-dfd29fdb6271,KXKLEAGUEGAME-25NOV09ULSSFC,Sports,2025-11-09T09:39:49.865936Z,2025-11-09 08:16:08.771260+00:00,2025-11-09 09:39:49.865936+00:00,5021.094676,83.68491126666666
KXKLEAGUEGAME-25NOV09ULSSFC-SFC,2025-11-09T08:16:08.77126Z,0.2,98,no,1c6fc22f-319e-4372-961f-6989d8c44b7d,KXKLEAGUEGAME-25NOV09ULSSFC,Sports,2025-11-09T09:39:49.865936Z,2025-11-09 08:16:08.771260+00:00,2025-11-09 09:39:49.865936+00:00,5021.094676,83.68491126666666
KXKLEAGUEGAME-25NOV09ULSSFC-SFC,2025-11-09T08:16:08.77126Z,0.23,38,no,0fe192bf-0cae-4fc7-910a-1e5a52eabb3e,KXKLEAGUEGAME-25NOV09ULSSFC,Sports,2025-11-09T09:39:49.865936Z,2025-11-09 08:16:08.771260+00:00,2025-11-09 09:39:49.865936+00:00,5021.094676,83.68491126666666
KXKLEAGUEGAME-25NOV09ULSSFC-SFC,2025-11-09T08:15:56.055555Z,0.22,4,no,1a2d8f1d-8925-7208-4c9f-a2d4c56e35a7,KXKLEAGUEGAME-25NOV09ULSSFC,Sports,2025-11-09T09:39:49.865936Z,2025-11-09 08:15:56.055555+00:00,2025-11-09 09:39:49.865936+00:00,5033.810381,83.89683968333334
KXKLEAGUEGAME-25NOV09ULSSFC-SFC,2025-11-09T08:15:55.635971Z,0.35,30,yes,85d85a07-22fe-64fd-aa0b-48fc99e29d74,KXKLEAGUEGAME-25NOV09ULSSFC,Sports,2025-11-09T09:39:49.865936Z,2025-11-09 08:15:55.635971+00:00,2025-11-09 09:39:49.865936+00:00,5034.229965,83.90383275
KXKLEAGUEGAME-25NOV09ULSSFC-SFC,2025-11-09T08:15:55.635971Z,0.35,50,yes,5352f0f6-4ab9-62d6-9a32-582b766861ee,KXKLEAGUEGAME-25NOV09ULSSFC,Sports,2025-11-09T09:39:49.865936Z,2025-11-09 08:15:55.635971+00:00,2025-11-09 09:39:49.865936+00:00,5034.229965,83.90383275
KXKLEAGUEGAME-25NOV09ULSSFC-SFC,2025-11-09T08:15:55.635971Z,0.4,28,yes,4ade9858-b11c-61de-8290-297b2da34254,KXKLEAGUEGAME-25NOV09ULSSFC,Sports,2025-11-09T09:39:49.865936Z,2025-11-09 08:15:55.635971+00:00,2025-11-09 09:39:49.865936+00:00,5034.229965,83.90383275
KXKLEAGUEGAME-25NOV09ULSSFC-SFC,2025-11-09T08:15:53.491425Z,0.23,6,no,66e01145-7eb7-47ff-e39a-3cedde54d197,KXKLEAGUEGAME-25NOV09ULSSFC,Sports,2025-11-09T09:39:49.865936Z,2025-11-09 08:15:53.491425+00:00,2025-11-09 09:39:49.865936+00:00,5036.374511,83.93957518333333
KXKLEAGUEGAME-25NOV09ULSSFC-SFC,2025-11-09T08:15:28.564664Z,0.29,16,yes,1f702bdb-a590-67fe-482b-5fb738534e25,KXKLEAGUEGAME-25NOV09ULSSFC,Sports,2025-11-09T09:39:49.865936Z,2025-11-09 08:15:28.564664+00:00,2025-11-09 09:39:49.865936+00:00,5061.301272,84.3550212
KXKLEAGUEGAME-25NOV09ULSSFC-SFC,2025-11-09T08:15:03.425014Z,0.3,24,yes,d432ca96-bfd7-6145-ae12-a1f3bcc64271,KXKLEAGUEGAME-25NOV09ULSSFC,Sports,2025-11-09T09:39:49.865936Z,2025-11-09 08:15:03.425014+00:00,2025-11-09 09:39:49.865936+00:00,5086.440922,84.77401536666666
KXKLEAGUEGAME-25NOV09ULSSFC-SFC,2025-11-09T08:15:03.425014Z,0.36,42,yes,44c6a0c5-3b12-6a5e-8dae-cf08dfddcda0,KXKLEAGUEGAME-25NOV09ULSSFC,Sports,2025-11-09T09:39:49.865936Z,2025-11-09 08:15:03.425014+00:00,2025-11-09 09:39:49.865936+00:00,5086.440922,84.77401536666666
KXKLEAGUEGAME-25NOV09ULSSFC-SFC,2025-11-09T08:15:03.425014Z,0.31,84,yes,353c6262-e8ca-67df-b7fc-3ed3c4607509,KXKLEAGUEGAME-25NOV09ULSSFC,Sports,2025-11-09T09:39:49.865936Z,2025-11-09 08:15:03.425014+00:00,2025-11-09 09:39:49.865936+00:00,5086.440922,84.77401536666666
KXKLEAGUEGAME-25NOV09ULSSFC-SFC,2025-11-09T08:14:56.11267Z,0.3,60,yes,fc7eeb79-87a3-71bd-bfc8-bf376cd6c2b1,KXKLEAGUEGAME-25NOV09ULSSFC,Sports,2025-11-09T09:39:49.865936Z,2025-11-09 08:14:56.112670+00:00,2025-11-09 09:39:49.865936+00:00,5093.753266,84.89588776666666
KXKLEAGUEGAME-25NOV09ULSSFC-SFC,2025-11-09T08:14:56.11267Z,0.29,30,yes,ae6960a4-93be-74ff-a1e7-d462e7a1b68b,KXKLEAGUEGAME-25NOV09ULSSFC,Sports,2025-11-09T09:39:49.865936Z,2025-11-09 08:14:56.112670+00:00,2025-11-09 09:39:49.865936+00:00,5093.753266,84.89588776666666
KXKLEAGUEGAME-25NOV09ULSSFC-SFC,2025-11-09T08:14:56.11267Z,0.28,19,yes,ac96695c-a42b-7ff5-980c-71a385322656,KXKLEAGUEGAME-25NOV09ULSSFC,Sports,2025-11-09T09:39:49.865936Z,2025-11-09 08:14:56.112670+00:00,2025-11-09 09:39:49.865936+00:00,5093.753266,84.89588776666666
KXKLEAGUEGAME-25NOV09ULSSFC-SFC,2025-11-09T08:14:56.11267Z,0.29,86,yes,559542a8-c3c8-76fd-804e-d0ab4358b86c,KXKLEAGUEGAME-25NOV09ULSSFC,Sports,2025-11-09T09:39:49.865936Z,2025-11-09 08:14:56.112670+00:00,2025-11-09 09:39:49.865936+00:00,5093.753266,84.89588776666666
KXKLEAGUEGAME-25NOV09ULSSFC-SFC,2025-11-09T08:14:44.792048Z,0.28,61,yes,5cdcd245-9cff-51e1-8290-b7eb78b7960e,KXKLEAGUEGAME-25NOV09ULSSFC,Sports,2025-11-09T09:39:49.865936Z,2025-11-09 08:14:44.792048+00:00,2025-11-09 09:39:49.865936+00:00,5105.073888,85.0845648
KXKLEAGUEGAME-25NOV09ULSSFC-SFC,2025-11-09T08:13:55.253259Z,0.34,7,yes,1d9b5bb7-9b81-4c1c-40f0-0a7b69a0934b,KXKLEAGUEGAME-25NOV09ULSSFC,Sports,2025-11-09T09:39:49.865936Z,2025-11-09 08:13:55.253259+00:00,2025-11-09 09:39:49.865936+00:00,5154.612677,85.91021128333334
KXKLEAGUEGAME-25NOV09ULSSFC-SFC,2025-11-09T08:13:42.799608Z,0.22,81,no,f09b5353-6d95-51af-95cb-64b875c585fa,KXKLEAGUEGAME-25NOV09ULSSFC,Sports,2025-11-09T09:39:49.865936Z,2025-11-09 08:13:42.799608+00:00,2025-11-09 09:39:49.865936+00:00,5167.066328,86.11777213333333
KXKLEAGUEGAME-25NOV09ULSSFC-SFC,2025-11-09T08:13:42.799608Z,0.21,15,no,e41df24d-6b2e-5564-9010-5313a7dadaa2,KXKLEAGUEGAME-25NOV09ULSSFC,Sports,2025-11-09T09:39:49.865936Z,2025-11-09 08:13:42.799608+00:00,2025-11-09 09:39:49.865936+00:00,5167.066328,86.11777213333333
KXKLEAGUEGAME-25NOV09ULSSFC-SFC,2025-11-09T08:13:42.799608Z,0.22,30,no,44e122ac-123f-5da2-9004-62c35231b995,KXKLEAGUEGAME-25NOV09ULSSFC,Sports,2025-11-09T09:39:49.865936Z,2025-11-09 08:13:42.799608+00:00,2025-11-09 09:39:49.865936+00:00,5167.066328,86.11777213333333
KXKLEAGUEGAME-25NOV09ULSSFC-SFC,2025-11-09T08:13:25.577915Z,0.23,10,no,886aab07-b7f8-5c71-586e-8994b4685976,KXKLEAGUEGAME-25NOV09ULSSFC,Sports,2025-11-09T09:39:49.865936Z,2025-11-09 08:13:25.577915+00:00,2025-11-09 09:39:49.865936+00:00,5184.288021,86.40480035
KXKLEAGUEGAME-25NOV09ULSSFC-SFC,2025-11-09T08:13:19.237499Z,0.29,74,yes,b6009fbf-861a-623e-b660-00b110136e82,KXKLEAGUEGAME-25NOV09ULSSFC,Sports,2025-11-09T09:39:49.865936Z,2025-11-09 08:13:19.237499+00:00,2025-11-09 09:39:49.865936+00:00,5190.628437,86.51047395
KXKLEAGUEGAME-25NOV09ULSSFC-SFC,2025-11-09T08:13:19.237499Z,0.3,30,yes,6f26b2c6-890c-6eac-bb38-38d003051bb7,KXKLEAGUEGAME-25NOV09ULSSFC,Sports,2025-11-09T09:39:49.865936Z,2025-11-09 08:13:19.237499+00:00,2025-11-09 09:39:49.865936+00:00,5190.628437,86.51047395
KXKLEAGUEGAME-25NOV09ULSSFC-SFC,2025-11-09T08:13:19.237499Z,0.3,57,yes,0d0be08a-43d6-60fc-968b-07ef7718cef2,KXKLEAGUEGAME-25NOV09ULSSFC,Sports,2025-11-09T09:39:49.865936Z,2025-11-09 08:13:19.237499+00:00,2025-11-09 09:39:49.865936+00:00,5190.628437,86.51047395
KXKLEAGUEGAME-25NOV09ULSSFC-SFC,2025-11-09T08:13:04.996469Z,0.34,12,yes,2b5f473e-a78a-6ed1-451c-d06d5bea02bc,KXKLEAGUEGAME-25NOV09ULSSFC,Sports,2025-11-09T09:39:49.865936Z,2025-11-09 08:13:04.996469+00:00,2025-11-09 09:39:49.865936+00:00,5204.869467,86.74782445000001
KXKLEAGUEGAME-25NOV09ULSSFC-SFC,2025-11-09T08:12:42.440216Z,0.24,38,no,f3c9876d-deca-72f4-1b50-598dfbe12e8b,KXKLEAGUEGAME-25NOV09ULSSFC,Sports,2025-11-09T09:39:49.865936Z,2025-11-09 08:12:42.440216+00:00,2025-11-09 09:39:49.865936+00:00,5227.42572,87.123762
KXKLEAGUEGAME-25NOV09ULSSFC-SFC,2025-11-09T08:12:42.440216Z,0.25,5,no,863a45a7-6096-70de-1067-50e63c1b1ef6,KXKLEAGUEGAME-25NOV09ULSSFC,Sports,2025-11-09T09:39:49.865936Z,2025-11-09 08:12:42.440216+00:00,2025-11-09 09:39:49.865936+00:00,5227.42572,87.123762
KXKLEAGUEGAME-25NOV09ULSSFC-SFC,2025-11-09T08:12:42.440216Z,0.23,40,no,70e9ada6-0c44-7203-17ae-e667dfa945fb,KXKLEAGUEGAME-25NOV09ULSSFC,Sports,2025-11-09T09:39:49.865936Z,2025-11-09 08:12:42.440216+00:00,2025-11-09 09:39:49.865936+00:00,5227.42572,87.123762
KXKLEAGUEGAME-25NOV09ULSSFC-SFC,2025-11-09T08:12:42.440216Z,0.22,4,no,65e4fea0-9863-7b7f-099d-2b36f9a639cb,KXKLEAGUEGAME-25NOV09ULSSFC,Sports,2025-11-09T09:39:49.865936Z,2025-11-09 08:12:42.440216+00:00,2025-11-09 09:39:49.865936+00:00,5227.42572,87.123762
KXKLEAGUEGAME-25NOV09ULSSFC-SFC,2025-11-09T08:12:42.440216Z,0.24,40,no,64ab207e-83e3-770c-11cd-8922abb444d2,KXKLEAGUEGAME-25NOV09ULSSFC,Sports,2025-11-09T09:39:49.865936Z,2025-11-09 08:12:42.440216+00:00,2025-11-09 09:39:49.865936+00:00,5227.42572,87.123762
KXKLEAGUEGAME-25NOV09ULSSFC-SFC,2025-11-09T08:12:15.628569Z,0.3,2,yes,90736a9b-5db4-56ab-f264-f4927e4be23f,KXKLEAGUEGAME-25NOV09ULSSFC,Sports,2025-11-09T09:39:49.865936Z,2025-11-09 08:12:15.628569+00:00,2025-11-09 09:39:49.865936+00:00,5254.237367,87.57062278333333
KXKLEAGUEGAME-25NOV09ULSSFC-SFC,2025-11-09T08:12:02.58897Z,0.34,14,yes,4e10862b-50b0-71e7-3540-f1423e1f858a,KXKLEAGUEGAME-25NOV09ULSSFC,Sports,2025-11-09T09:39:49.865936Z,2025-11-09 08:12:02.588970+00:00,2025-11-09 09:39:49.865936+00:00,5267.276966,87.78794943333334
KXKLEAGUEGAME-25NOV09ULSSFC-SFC,2025-11-09T08:11:22.895976Z,0.35,8,yes,6cf2f9ff-8327-4f16-455a-ac6076b2071d,KXKLEAGUEGAME-25NOV09ULSSFC,Sports,2025-11-09T09:39:49.865936Z,2025-11-09 08:11:22.895976+00:00,2025-11-09 09:39:49.865936+00:00,5306.96996,88.44949933333334
KXKLEAGUEGAME-25NOV09ULSSFC-SFC,2025-11-09T08:10:35.898766Z,0.35,2,yes,104014bf-3515-6448-bf01-a1b9ea6d93cf,KXKLEAGUEGAME-25NOV09ULSSFC,Sports,2025-11-09T09:39:49.865936Z,2025-11-09 08:10:35.898766+00:00,2025-11-09 09:39:49.865936+00:00,5353.96717,89.23278616666667
KXKLEAGUEGAME-25NOV09ULSSFC-SFC,2025-11-09T08:10:03.622648Z,0.25,11,no,c19fa84a-8f89-789d-0828-f856b5cda1f6,KXKLEAGUEGAME-25NOV09ULSSFC,Sports,2025-11-09T09:39:49.865936Z,2025-11-09 08:10:03.622648+00:00,2025-11-09 09:39:49.865936+00:00,5386.243288,89.77072146666666
KXKLEAGUEGAME-25NOV09ULSSFC-SFC,2025-11-09T08:09:51.725027Z,0.36,1,yes,f59b2143-c219-772d-717c-8c9dc1d209eb,KXKLEAGUEGAME-25NOV09ULSSFC,Sports,2025-11-09T09:39:49.865936Z,2025-11-09 08:09:51.725027+00:00,2025-11-09 09:39:49.865936+00:00,5398.140909,89.96901514999999
KXKLEAGUEGAME-25NOV09ULSSFC-SFC,2025-11-09T08:09:38.606718Z,0.25,1,no,8d42001e-a309-6d39-85ff-dd4ac4417366,KXKLEAGUEGAME-25NOV09ULSSFC,Sports,2025-11-09T09:39:49.865936Z,2025-11-09 08:09:38.606718+00:00,2025-11-09 09:39:49.865936+00:00,5411.259218,90.18765363333334
KXKLEAGUEGAME-25NOV09ULSSFC-SFC,2025-11-09T08:09:25.666789Z,0.32,31,yes,f558a89c-2d7c-6094-c3d3-3913d0dac163,KXKLEAGUEGAME-25NOV09ULSSFC,Sports,2025-11-09T09:39:49.865936Z,2025-11-09 08:09:25.666789+00:00,2025-11-09 09:39:49.865936+00:00,5424.199147,90.40331911666667
KXKLEAGUEGAME-25NOV09ULSSFC-SFC,2025-11-09T08:09:25.666789Z,0.33,13,yes,6ffd9b25-4aff-6954-eedf-ea034aecf0aa,KXKLEAGUEGAME-25NOV09ULSSFC,Sports,2025-11-09T09:39:49.865936Z,2025-11-09 08:09:25.666789+00:00,2025-11-09 09:39:49.865936+00:00,5424.199147,90.40331911666667
KXKLEAGUEGAME-25NOV09ULSSFC-SFC,2025-11-09T08:08:51.986022Z,0.24,38,no,7dd3becd-9226-4b60-0a07-971bfa68a74f,KXKLEAGUEGAME-25NOV09ULSSFC,Sports,2025-11-09T09:39:49.865936Z,2025-11-09 08:08:51.986022+00:00,2025-11-09 09:39:49.865936+00:00,5457.879914,90.96466523333333
KXKLEAGUEGAME-25NOV09ULSSFC-SFC,2025-11-09T08:08:51.986022Z,0.24,12,no,056efe37-1881-4a39-3b47-bd2c68ef596f,KXKLEAGUEGAME-25NOV09ULSSFC,Sports,2025-11-09T09:39:49.865936Z,2025-11-09 08:08:51.986022+00:00,2025-11-09 09:39:49.865936+00:00,5457.879914,90.96466523333333
KXKLEAGUEGAME-25NOV09ULSSFC-SFC,2025-11-09T08:08:46.223191Z,0.25,1,no,fe9332bd-d8e5-507d-dd2a-f0921798c16d,KXKLEAGUEGAME-25NOV09ULSSFC,Sports,2025-11-09T09:39:49.865936Z,2025-11-09 08:08:46.223191+00:00,2025-11-09 09:39:49.865936+00:00,5463.642745,91.06071241666668
KXKLEAGUEGAME-25NOV09ULSSFC-SFC,2025-11-09T08:08:25.739876Z,0.3,11,yes,c8bcd976-7675-45fb-e5f9-8ae964a35048,KXKLEAGUEGAME-25NOV09ULSSFC,Sports,2025-11-09T09:39:49.865936Z,2025-11-09 08:08:25.739876+00:00,2025-11-09 09:39:49.865936+00:00,5484.12606,91.40210099999999
KXKLEAGUEGAME-25NOV09ULSSFC-SFC,2025-11-09T08:07:39.422044Z,0.38,25,yes,da0e363f-603f-6aee-13e5-5bfd8d4b5e4c,KXKLEAGUEGAME-25NOV09ULSSFC,Sports,2025-11-09T09:39:49.865936Z,2025-11-09 08:07:39.422044+00:00,2025-11-09 09:39:49.865936+00:00,5530.443892,92.17406486666667
KXKLEAGUEGAME-25NOV09ULSSFC-SFC,2025-11-09T08:07:24.904553Z,0.25,1,no,cdc5148b-bbed-4e71-1a71-91e90fe1e011,KXKLEAGUEGAME-25NOV09ULSSFC,Sports,2025-11-09T09:39:49.865936Z,2025-11-09 08:07:24.904553+00:00,2025-11-09 09:39:49.865936+00:00,5544.961383,92.41602304999999
KXKLEAGUEGAME-25NOV09ULSSFC-SFC,2025-11-09T08:07:06.622891Z,0.25,3,no,69fe0cfc-579d-6c1d-7676-65222f3c6871,KXKLEAGUEGAME-25NOV09ULSSFC,Sports,2025-11-09T09:39:49.865936Z,2025-11-09 08:07:06.622891+00:00,2025-11-09 09:39:49.865936+00:00,5563.243045,92.72071741666667
KXKLEAGUEGAME-25NOV09ULSSFC-SFC,2025-11-09T08:05:57.282498Z,0.39,19,yes,f565eb15-57db-4a9c-387b-adebdaacb7f4,KXKLEAGUEGAME-25NOV09ULSSFC,Sports,2025-11-09T09:39:49.865936Z,2025-11-09 08:05:57.282498+00:00,2025-11-09 09:39:49.865936+00:00,5632.583438,93.87639063333333
KXKLEAGUEGAME-25NOV09ULSSFC-SFC,2025-11-09T08:05:34.268795Z,0.24,1,no,dde440da-0118-6ae1-5f4a-23f34a021c4e,KXKLEAGUEGAME-25NOV09ULSSFC,Sports,2025-11-09T09:39:49.865936Z,2025-11-09 08:05:34.268795+00:00,2025-11-09 09:39:49.865936+00:00,5655.597141,94.25995235
KXKLEAGUEGAME-25NOV09ULSSFC-SFC,2025-11-09T08:05:17.488533Z,0.29,16,yes,7082e9cf-c8e1-6fe9-9e1a-d4e58ba97b4b,KXKLEAGUEGAME-25NOV09ULSSFC,Sports,2025-11-09T09:39:49.865936Z,2025-11-09 08:05:17.488533+00:00,2025-11-09 09:39:49.865936+00:00,5672.377403,94.53962338333334
KXKLEAGUEGAME-25NOV09ULSSFC-SFC,2025-11-09T08:04:58.052196Z,0.25,5,no,d250e348-fa6f-744f-d9ad-b55889303b18,KXKLEAGUEGAME-25NOV09ULSSFC,Sports,2025-11-09T09:39:49.865936Z,2025-11-09 08:04:58.052196+00:00,2025-11-09 09:39:49.865936+00:00,5691.81374,94.86356233333332
KXKLEAGUEGAME-25NOV09ULSSFC-SFC,2025-11-09T08:04:58.052196Z,0.25,15,no,1b9dfa8c-709c-7eac-d027-dcaddc5df82b,KXKLEAGUEGAME-25NOV09ULSSFC,Sports,2025-11-09T09:39:49.865936Z,2025-11-09 08:04:58.052196+00:00,2025-11-09 09:39:49.865936+00:00,5691.81374,94.86356233333332
KXKLEAGUEGAME-25NOV09ULSSFC-SFC,2025-11-09T08:04:58.046259Z,0.26,2,no,13aefae9-6aa0-52d4-a167-0afc76460e2f,KXKLEAGUEGAME-25NOV09ULSSFC,Sports,2025-11-09T09:39:49.865936Z,2025-11-09 08:04:58.046259+00:00,2025-11-09 09:39:49.865936+00:00,5691.819677,94.86366128333334
KXKLEAGUEGAME-25NOV09ULSSFC-SFC,2025-11-09T08:04:55.811905Z,0.28,6,yes,85b420db-b9c7-4518-6984-c75b4a498d8b,KXKLEAGUEGAME-25NOV09ULSSFC,Sports,2025-11-09T09:39:49.865936Z,2025-11-09 08:04:55.811905+00:00,2025-11-09 09:39:49.865936+00:00,5694.054031,94.90090051666667
KXKLEAGUEGAME-25NOV09ULSSFC-SFC,2025-11-09T08:04:50.595254Z,0.28,3,yes,b3443e7e-70fb-7764-e01d-8e8b2ee855af,KXKLEAGUEGAME-25NOV09ULSSFC,Sports,2025-11-09T09:39:49.865936Z,2025-11-09 08:04:50.595254+00:00,2025-11-09 09:39:49.865936+00:00,5699.270682,94.98784470000001
KXKLEAGUEGAME-25NOV09ULSSFC-SFC,2025-11-09T08:04:46.759617Z,0.3,21,yes,f36e8f6a-74e0-4342-7806-30d489acd5e1,KXKLEAGUEGAME-25NOV09ULSSFC,Sports,2025-11-09T09:39:49.865936Z,2025-11-09 08:04:46.759617+00:00,2025-11-09 09:39:49.865936+00:00,5703.106319,95.05177198333334
KXKLEAGUEGAME-25NOV09ULSSFC-SFC,2025-11-09T08:04:46.759617Z,0.31,17,yes,3c8a0b51-59f4-4ad8-6c16-f8dc2818733e,KXKLEAGUEGAME-25NOV09ULSSFC,Sports,2025-11-09T09:39:49.865936Z,2025-11-09 08:04:46.759617+00:00,2025-11-09 09:39:49.865936+00:00,5703.106319,95.05177198333334
KXKLEAGUEGAME-25NOV09ULSSFC-SFC,2025-11-09T08:04:46.759617Z,0.31,22,yes,10b0f6af-8a54-4b8a-73b2-ba4ff92d8f2f,KXKLEAGUEGAME-25NOV09ULSSFC,Sports,2025-11-09T09:39:49.865936Z,2025-11-09 08:04:46.759617+00:00,2025-11-09 09:39:49.865936+00:00,5703.106319,95.05177198333334
KXKLEAGUEGAME-25NOV09ULSSFC-SFC,2025-11-09T08:04:37.045512Z,0.34,19,yes,97133db1-09d7-56f4-dade-23b7aa10164f,KXKLEAGUEGAME-25NOV09ULSSFC,Sports,2025-11-09T09:39:49.865936Z,2025-11-09 08:04:37.045512+00:00,2025-11-09 09:39:49.865936+00:00,5712.820424,95.21367373333332
KXKLEAGUEGAME-25NOV09ULSSFC-SFC,2025-11-09T08:04:37.045512Z,0.35,3,yes,9034cbce-95ac-5eb7-c09d-52559033e25f,KXKLEAGUEGAME-25NOV09ULSSFC,Sports,2025-11-09T09:39:49.865936Z,2025-11-09 08:04:37.045512+00:00,2025-11-09 09:39:49.865936+00:00,5712.820424,95.21367373333332
KXKLEAGUEGAME-25NOV09ULSSFC-SFC,2025-11-09T08:04:31.253907Z,0.26,3,no,0792f741-3968-48fc-4e60-e3fa46be4b93,KXKLEAGUEGAME-25NOV09ULSSFC,Sports,2025-11-09T09:39:49.865936Z,2025-11-09 08:04:31.253907+00:00,2025-11-09 09:39:49.865936+00:00,5718.612029,95.31020048333333
KXKLEAGUEGAME-25NOV09ULSSFC-SFC,2025-11-09T08:02:11.799956Z,0.5,28,yes,b9ce6c21-fb66-7cde-dc0c-fa7d6832f35e,KXKLEAGUEGAME-25NOV09ULSSFC,Sports,2025-11-09T09:39:49.865936Z,2025-11-09 08:02:11.799956+00:00,2025-11-09 09:39:49.865936+00:00,5858.06598,97.634433
KXKLEAGUEGAME-25NOV09ULSSFC-SFC,2025-11-09T08:01:49.857412Z,0.3,19,no,9e70b8cb-7838-6151-ea42-78d79bb3d94b,KXKLEAGUEGAME-25NOV09ULSSFC,Sports,2025-11-09T09:39:49.865936Z,2025-11-09 08:01:49.857412+00:00,2025-11-09 09:39:49.865936+00:00,5880.008524,98.00014206666667
KXKLEAGUEGAME-25NOV09ULSSFC-SFC,2025-11-09T08:01:11.423621Z,0.36,26,yes,1bc9d53b-9997-44d2-7aa1-52e67b7fea16,KXKLEAGUEGAME-25NOV09ULSSFC,Sports,2025-11-09T09:39:49.865936Z,2025-11-09 08:01:11.423621+00:00,2025-11-09 09:39:49.865936+00:00,5918.442315,98.64070525000001
KXKLEAGUEGAME-25NOV09ULSSFC-SFC,2025-11-09T08:00:14.572329Z,0.36,50,yes,f511c04b-2306-7ec6-12c9-d5a8b37c4f4b,KXKLEAGUEGAME-25NOV09ULSSFC,Sports,2025-11-09T09:39:49.865936Z,2025-11-09 08:00:14.572329+00:00,2025-11-09 09:39:49.865936+00:00,5975.293607,99.58822678333333
KXKLEAGUEGAME-25NOV09ULSSFC-SFC,2025-11-09T08:00:14.572329Z,0.36,20,yes,f4136b34-0d0d-789c-2a9f-edfe3c7a3ee6,KXKLEAGUEGAME-25NOV09ULSSFC,Sports,2025-11-09T09:39:49.865936Z,2025-11-09 08:00:14.572329+00:00,2025-11-09 09:39:49.865936+00:00,5975.293607,99.58822678333333
KXKLEAGUEGAME-25NOV09ULSSFC-SFC,2025-11-09T08:00:14.572329Z,0.36,48,yes,c01b111d-a186-75f6-3356-e2a1348f0c91,KXKLEAGUEGAME-25NOV09ULSSFC,Sports,2025-11-09T09:39:49.865936Z,2025-11-09 08:00:14.572329+00:00,2025-11-09 09:39:49.865936+00:00,5975.293607,99.58822678333333
KXKLEAGUEGAME-25NOV09ULSSFC-SFC,2025-11-09T08:00:14.572329Z,0.6,9,yes,3b857a7f-802b-7573-2014-1a9b6b5e9a22,KXKLEAGUEGAME-25NOV09ULSSFC,Sports,2025-11-09T09:39:49.865936Z,2025-11-09 08:00:14.572329+00:00,2025-11-09 09:39:49.865936+00:00,5975.293607,99.58822678333333
KXKLEAGUEGAME-25NOV09ULSSFC-SFC,2025-11-09T07:59:59.648588Z,0.36,5,yes,2ab66bdd-e7bd-5544-cf18-500cdf84d766,KXKLEAGUEGAME-25NOV09ULSSFC,Sports,2025-11-09T09:39:49.865936Z,2025-11-09 07:59:59.648588+00:00,2025-11-09 09:39:49.865936+00:00,5990.217348,99.8369558
KXKLEAGUEGAME-25NOV09ULSSFC-SFC,2025-11-09T07:59:04.72956Z,0.32,4,yes,a4aed4d0-e7cd-467c-8032-eaabe16d7bb6,KXKLEAGUEGAME-25NOV09ULSSFC,Sports,2025-11-09T09:39:49.865936Z,2025-11-09 07:59:04.729560+00:00,2025-11-09 09:39:49.865936+00:00,6045.136376,100.75227293333334
KXKLEAGUEGAME-25NOV09ULSSFC-SFC,2025-11-09T07:59:04.72956Z,0.32,25,yes,958d999b-e78d-4e51-8cd1-bf51b4c0a2e9,KXKLEAGUEGAME-25NOV09ULSSFC,Sports,2025-11-09T09:39:49.865936Z,2025-11-09 07:59:04.729560+00:00,2025-11-09 09:39:49.865936+00:00,6045.136376,100.75227293333334
KXKLEAGUEGAME-25NOV09ULSSFC-SFC,2025-11-09T07:56:31.277492Z,0.27,63,no,bdaa24ce-7b4d-5312-924b-fb69a68a1838,KXKLEAGUEGAME-25NOV09ULSSFC,Sports,2025-11-09T09:39:49.865936Z,2025-11-09 07:56:31.277492+00:00,2025-11-09 09:39:49.865936+00:00,6198.588444,103.3098074
KXKLEAGUEGAME-25NOV09ULSSFC-SFC,2025-11-09T07:56:31.262382Z,0.29,32,yes,68844b1d-e4ee-6fbc-17ec-5525874ad9d9,KXKLEAGUEGAME-25NOV09ULSSFC,Sports,2025-11-09T09:39:49.865936Z,2025-11-09 07:56:31.262382+00:00,2025-11-09 09:39:49.865936+00:00,6198.603554,103.31005923333333
KXKLEAGUEGAME-25NOV09ULSSFC-SFC,2025-11-09T07:55:51.750812Z,0.28,465,yes,992445c3-a755-49bc-fa90-8ce14108b5b2,KXKLEAGUEGAME-25NOV09ULSSFC,Sports,2025-11-09T09:39:49.865936Z,2025-11-09 07:55:51.750812+00:00,2025-11-09 09:39:49.865936+00:00,6238.115124,103.9685854
KXKLEAGUEGAME-25NOV09ULSSFC-SFC,2025-11-09T07:55:42.05995Z,0.28,34,yes,0ac1c52b-477d-6054-b607-44ceb431c74e,KXKLEAGUEGAME-25NOV09ULSSFC,Sports,2025-11-09T09:39:49.865936Z,2025-11-09 07:55:42.059950+00:00,2025-11-09 09:39:49.865936+00:00,6247.805986,104.13009976666667
KXKLEAGUEGAME-25NOV09ULSSFC-SFC,2025-11-09T07:55:19.311836Z,0.27,25,yes,66d2dd43-c8ff-4c6e-fd75-2eb653d2ce59,KXKLEAGUEGAME-25NOV09ULSSFC,Sports,2025-11-09T09:39:49.865936Z,2025-11-09 07:55:19.311836+00:00,2025-11-09 09:39:49.865936+00:00,6270.5541,104.509235
KXKLEAGUEGAME-25NOV09ULSSFC-SFC,2025-11-09T07:55:05.197635Z,0.27,26,yes,5e1baf6c-5167-64fe-92b0-9a04ad883e11,KXKLEAGUEGAME-25NOV09ULSSFC,Sports,2025-11-09T09:39:49.865936Z,2025-11-09 07:55:05.197635+00:00,2025-11-09 09:39:49.865936+00:00,6284.668301,104.74447168333333
KXKLEAGUEGAME-25NOV09ULSSFC-SFC,2025-11-09T07:54:47.696012Z,0.26,76,yes,59f870fd-eb85-7e90-4ba6-4b0c64e9b00c,KXKLEAGUEGAME-25NOV09ULSSFC,Sports,2025-11-09T09:39:49.865936Z,2025-11-09 07:54:47.696012+00:00,2025-11-09 09:39:49.865936+00:00,6302.169924,105.0361654
KXKLEAGUEGAME-25NOV09ULSSFC-SFC,2025-11-09T07:54:02.755372Z,0.27,10,yes,65bce431-0359-726e-3213-51e7de6120a5,KXKLEAGUEGAME-25NOV09ULSSFC,Sports,2025-11-09T09:39:49.865936Z,2025-11-09 07:54:02.755372+00:00,2025-11-09 09:39:49.865936+00:00,6347.110564,105.78517606666666
KXKLEAGUEGAME-25NOV09ULSSFC-SFC,2025-11-09T07:53:16.674377Z,0.27,1,no,4784a42b-0833-6173-4722-c6636e71a917,KXKLEAGUEGAME-25NOV09ULSSFC,Sports,2025-11-09T09:39:49.865936Z,2025-11-09 07:53:16.674377+00:00,2025-11-09 09:39:49.865936+00:00,6393.191559,106.55319265
KXKLEAGUEGAME-25NOV09ULSSFC-SFC,2025-11-09T07:53:16.674377Z,0.27,10,no,295dbf3c-2fae-6116-78dc-32384afca429,KXKLEAGUEGAME-25NOV09ULSSFC,Sports,2025-11-09T09:39:49.865936Z,2025-11-09 07:53:16.674377+00:00,2025-11-09 09:39:49.865936+00:00,6393.191559,106.55319265
KXKLEAGUEGAME-25NOV09ULSSFC-SFC,2025-11-09T07:52:08.193089Z,0.29,88,yes,22fda692-17f6-4273-9823-5847dab1c14e,KXKLEAGUEGAME-25NOV09ULSSFC,Sports,2025-11-09T09:39:49.865936Z,2025-11-09 07:52:08.193089+00:00,2025-11-09 09:39:49.865936+00:00,6461.672847,107.69454745
KXKLEAGUEGAME-25NOV09ULSSFC-SFC,2025-11-09T07:50:16.908541Z,0.27,5,no,0615b590-008b-511b-ce9e-1135b7e9e687,KXKLEAGUEGAME-25NOV09ULSSFC,Sports,2025-11-09T09:39:49.865936Z,2025-11-09 07:50:16.908541+00:00,2025-11-09 09:39:49.865936+00:00,6572.957395,109.54928991666667
KXKLEAGUEGAME-25NOV09ULSSFC-SFC,2025-11-09T07:50:09.96681Z,0.3,15,yes,20eeb0ad-a1ca-4938-4978-576f66456f5f,KXKLEAGUEGAME-25NOV09ULSSFC,Sports,2025-11-09T09:39:49.865936Z,2025-11-09 07:50:09.966810+00:00,2025-11-09 09:39:49.865936+00:00,6579.899126,109.66498543333334
KXKLEAGUEGAME-25NOV09ULSSFC-SFC,2025-11-09T07:49:42.304579Z,0.3,22,yes,46fc0e87-63ce-7aec-7a4d-23835c92f7af,KXKLEAGUEGAME-25NOV09ULSSFC,Sports,2025-11-09T09:39:49.865936Z,2025-11-09 07:49:42.304579+00:00,2025-11-09 09:39:49.865936+00:00,6607.561357,110.12602261666666
KXKLEAGUEGAME-25NOV09ULSSFC-SFC,2025-11-09T07:48:21.635804Z,0.29,30,yes,cd4ee599-1471-4004-fbec-d1c21c3c6a14,KXKLEAGUEGAME-25NOV09ULSSFC,Sports,2025-11-09T09:39:49.865936Z,2025-11-09 07:48:21.635804+00:00,2025-11-09 09:39:49.865936+00:00,6688.230132,111.4705022
KXKLEAGUEGAME-25NOV09ULSSFC-SFC,2025-11-09T07:48:21.635804Z,0.29,2,yes,ad080e09-caee-4e17-cec6-81d0e3fa8880,KXKLEAGUEGAME-25NOV09ULSSFC,Sports,2025-11-09T09:39:49.865936Z,2025-11-09 07:48:21.635804+00:00,2025-11-09 09:39:49.865936+00:00,6688.230132,111.4705022
KXKLEAGUEGAME-25NOV09ULSSFC-SFC,2025-11-09T07:48:21.20338Z,0.27,1,no,b122bc9b-7433-4ab3-30fd-e9b8eb598a9b,KXKLEAGUEGAME-25NOV09ULSSFC,Sports,2025-11-09T09:39:49.865936Z,2025-11-09 07:48:21.203380+00:00,2025-11-09 09:39:49.865936+00:00,6688.662556,111.47770926666666
KXKLEAGUEGAME-25NOV09ULSSFC-SFC,2025-11-09T07:47:20.547658Z,0.28,68,yes,706e7b78-088d-7eea-5636-6bfd794b953e,KXKLEAGUEGAME-25NOV09ULSSFC,Sports,2025-11-09T09:39:49.865936Z,2025-11-09 07:47:20.547658+00:00,2025-11-09 09:39:49.865936+00:00,6749.318278,112.48863796666666
KXKLEAGUEGAME-25NOV09ULSSFC-SFC,2025-11-09T07:47:17.640311Z,0.28,119,yes,67e1bad8-3025-610a-bcd7-9675eb1b7256,KXKLEAGUEGAME-25NOV09ULSSFC,Sports,2025-11-09T09:39:49.865936Z,2025-11-09 07:47:17.640311+00:00,2025-11-09 09:39:49.865936+00:00,6752.225625,112.53709375
KXKLEAGUEGAME-25NOV09ULSSFC-SFC,2025-11-09T07:47:06.267153Z,0.27,1,no,8db6eda8-7647-6a57-df88-ecdc566d6dd7,KXKLEAGUEGAME-25NOV09ULSSFC,Sports,2025-11-09T09:39:49.865936Z,2025-11-09 07:47:06.267153+00:00,2025-11-09 09:39:49.865936+00:00,6763.598783,112.72664638333335
KXKLEAGUEGAME-25NOV09ULSSFC-SFC,2025-11-09T07:47:04.533874Z,0.28,16,yes,b68c9cb6-fe25-560e-c312-033d717c2cba,KXKLEAGUEGAME-25NOV09ULSSFC,Sports,2025-11-09T09:39:49.865936Z,2025-11-09 07:47:04.533874+00:00,2025-11-09 09:39:49.865936+00:00,6765.332062,112.75553436666668
KXKLEAGUEGAME-25NOV09ULSSFC-SFC,2025-11-09T07:46:42.99176Z,0.28,8,yes,563b16a0-c521-67ae-bcd9-60a4551a3ee6,KXKLEAGUEGAME-25NOV09ULSSFC,Sports,2025-11-09T09:39:49.865936Z,2025-11-09 07:46:42.991760+00:00,2025-11-09 09:39:49.865936+00:00,6786.874176,113.11456960000001
KXKLEAGUEGAME-25NOV09ULSSFC-SFC,2025-11-09T07:45:37.069654Z,0.28,17,yes,24b6ae8d-c787-4dd9-3cf0-eb80320bbb30,KXKLEAGUEGAME-25NOV09ULSSFC,Sports,2025-11-09T09:39:49.865936Z,2025-11-09 07:45:37.069654+00:00,2025-11-09 09:39:49.865936+00:00,6852.796282,114.21327136666667
KXKLEAGUEGAME-25NOV09ULSSFC-SFC,2025-11-09T07:45:36.283124Z,0.28,136,yes,5f315f28-4b2b-73b9-013d-9062de38b46c,KXKLEAGUEGAME-25NOV09ULSSFC,Sports,2025-11-09T09:39:49.865936Z,2025-11-09 07:45:36.283124+00:00,2025-11-09 09:39:49.865936+00:00,6853.582812,114.2263802
KXKLEAGUEGAME-25NOV09ULSSFC-SFC,2025-11-09T07:45:18.588618Z,0.28,44,yes,65f9d2d5-b23b-7a95-5712-cb07d8cba924,KXKLEAGUEGAME-25NOV09ULSSFC,Sports,2025-11-09T09:39:49.865936Z,2025-11-09 07:45:18.588618+00:00,2025-11-09 09:39:49.865936+00:00,6871.277318,114.52128863333334
KXKLEAGUEGAME-25NOV09ULSSFC-SFC,2025-11-09T07:45:14.965259Z,0.28,10,yes,61d912a6-70df-7b4b-1151-eca767ef4624,KXKLEAGUEGAME-25NOV09ULSSFC,Sports,2025-11-09T09:39:49.865936Z,2025-11-09 07:45:14.965259+00:00,2025-11-09 09:39:49.865936+00:00,6874.900677,114.58167795
KXKLEAGUEGAME-25NOV09ULSSFC-SFC,2025-11-09T07:45:10.427451Z,0.28,25,yes,f6091114-adf3-7c7f-6dc8-b2598483db54,KXKLEAGUEGAME-25NOV09ULSSFC,Sports,2025-11-09T09:39:49.865936Z,2025-11-09 07:45:10.427451+00:00,2025-11-09 09:39:49.865936+00:00,6879.438485,114.65730808333333
KXKLEAGUEGAME-25NOV09ULSSFC-SFC,2025-11-09T07:44:50.106474Z,0.27,1,no,ae337c60-f4db-5437-fee3-58fdbb987c43,KXKLEAGUEGAME-25NOV09ULSSFC,Sports,2025-11-09T09:39:49.865936Z,2025-11-09 07:44:50.106474+00:00,2025-11-09 09:39:49.865936+00:00,6899.759462,114.99599103333334
KXKLEAGUEGAME-25NOV09ULSSFC-SFC,2025-11-09T07:43:56.256289Z,0.27,1,no,62fe8994-23e7-5273-7858-719d137c0eff,KXKLEAGUEGAME-25NOV09ULSSFC,Sports,2025-11-09T09:39:49.865936Z,2025-11-09 07:43:56.256289+00:00,2025-11-09 09:39:49.865936+00:00,6953.609647,115.89349411666667
KXKLEAGUEGAME-25NOV09ULSSFC-SFC,2025-11-09T07:43:44.319798Z,0.29,16,yes,0d1a615d-cfa8-4b31-656b-41942b9de5fe,KXKLEAGUEGAME-25NOV09ULSSFC,Sports,2025-11-09T09:39:49.865936Z,2025-11-09 07:43:44.319798+00:00,2025-11-09 09:39:49.865936+00:00,6965.546138,116.09243563333332
KXKLEAGUEGAME-25NOV09ULSSFC-SFC,2025-11-09T07:43:41.649529Z,0.29,82,yes,3b7f2168-c954-52e1-2da8-175e41181c4e,KXKLEAGUEGAME-25NOV09ULSSFC,Sports,2025-11-09T09:39:49.865936Z,2025-11-09 07:43:41.649529+00:00,2025-11-09 09:39:49.865936+00:00,6968.216407,116.13694011666666
KXKLEAGUEGAME-25NOV09ULSSFC-SFC,2025-11-09T07:43:12.897148Z,0.28,51,yes,58d35166-e84e-400e-c272-ebc203d45686,KXKLEAGUEGAME-25NOV09ULSSFC,Sports,2025-11-09T09:39:49.865936Z,2025-11-09 07:43:12.897148+00:00,2025-11-09 09:39:49.865936+00:00,6996.968788,116.61614646666666
KXKLEAGUEGAME-25NOV09ULSSFC-SFC,2025-11-09T07:42:41.540467Z,0.28,102,yes,fc27e603-c5a2-6946-7500-5d9de0446be2,KXKLEAGUEGAME-25NOV09ULSSFC,Sports,2025-11-09T09:39:49.865936Z,2025-11-09 07:42:41.540467+00:00,2025-11-09 09:39:49.865936+00:00,7028.325469,117.13875781666667
KXKLEAGUEGAME-25NOV09ULSSFC-SFC,2025-11-09T07:40:53.372713Z,0.28,17,yes,79547e4d-9e56-6472-e4df-7f65575d01fe,KXKLEAGUEGAME-25NOV09ULSSFC,Sports,2025-11-09T09:39:49.865936Z,2025-11-09 07:40:53.372713+00:00,2025-11-09 09:39:49.865936+00:00,7136.493223,118.94155371666668
KXKLEAGUEGAME-25NOV09ULSSFC-SFC,2025-11-09T07:40:04.226041Z,0.28,1,yes,c981e5ff-9a92-5ea2-494e-a0ec9903bf2e,KXKLEAGUEGAME-25NOV09ULSSFC,Sports,2025-11-09T09:39:49.865936Z,2025-11-09 07:40:04.226041+00:00,2025-11-09 09:39:49.865936+00:00,7185.639895,119.76066491666667
KXKLEAGUEGAME-25NOV09ULSSFC-SFC,2025-11-09T07:38:55.995187Z,0.29,1,yes,bf2e67f5-e40e-5f14-6bf7-689aa5a87ee2,KXKLEAGUEGAME-25NOV09ULSSFC,Sports,2025-11-09T09:39:49.865936Z,2025-11-09 07:38:55.995187+00:00,2025-11-09 09:39:49.865936+00:00,7253.870749,120.89784581666666
KXKLEAGUEGAME-25NOV09ULSSFC-SFC,2025-11-09T07:37:13.904564Z,0.28,106,no,999c3ac1-db8c-6cbe-e611-2ccbfe3833b2,KXKLEAGUEGAME-25NOV09ULSSFC,Sports,2025-11-09T09:39:49.865936Z,2025-11-09 07:37:13.904564+00:00,2025-11-09 09:39:49.865936+00:00,7355.961372,122.5993562
KXKLEAGUEGAME-25NOV09ULSSFC-SFC,2025-11-09T07:36:29.253019Z,0.28,10,no,1eb9171c-abc2-489d-2329-2d45b32677bd,KXKLEAGUEGAME-25NOV09ULSSFC,Sports,2025-11-09T09:39:49.865936Z,2025-11-09 07:36:29.253019+00:00,2025-11-09 09:39:49.865936+00:00,7400.612917,123.34354861666667
KXKLEAGUEGAME-25NOV09ULSSFC-SFC,2025-11-09T07:35:55.606636Z,0.3,79,yes,67f055e1-b07b-71d1-2d45-8e65a9898d7c,KXKLEAGUEGAME-25NOV09ULSSFC,Sports,2025-11-09T09:39:49.865936Z,2025-11-09 07:35:55.606636+00:00,2025-11-09 09:39:49.865936+00:00,7434.2593,123.90432166666666
KXKLEAGUEGAME-25NOV09ULSSFC-SFC,2025-11-09T07:35:17.526897Z,0.3,15,yes,84136d6f-eebf-7315-d2f7-005808433630,KXKLEAGUEGAME-25NOV09ULSSFC,Sports,2025-11-09T09:39:49.865936Z,2025-11-09 07:35:17.526897+00:00,2025-11-09 09:39:49.865936+00:00,7472.339039,124.53898398333334
KXKLEAGUEGAME-25NOV09ULSSFC-SFC,2025-11-09T07:34:47.695494Z,0.3,33,yes,f7657895-8898-40d8-63b3-f85f270d6beb,KXKLEAGUEGAME-25NOV09ULSSFC,Sports,2025-11-09T09:39:49.865936Z,2025-11-09 07:34:47.695494+00:00,2025-11-09 09:39:49.865936+00:00,7502.170442,125.03617403333332
KXKLEAGUEGAME-25NOV09ULSSFC-SFC,2025-11-09T07:34:47.695494Z,0.3,30,yes,877a95b4-e640-4b2c-526e-ab93818b9e82,KXKLEAGUEGAME-25NOV09ULSSFC,Sports,2025-11-09T09:39:49.865936Z,2025-11-09 07:34:47.695494+00:00,2025-11-09 09:39:49.865936+00:00,7502.170442,125.03617403333332
KXKLEAGUEGAME-25NOV09ULSSFC-SFC,2025-11-09T07:34:31.761005Z,0.3,317,yes,fce64437-0d51-6ef7-d027-e757c1be39ba,KXKLEAGUEGAME-25NOV09ULSSFC,Sports,2025-11-09T09:39:49.865936Z,2025-11-09 07:34:31.761005+00:00,2025-11-09 09:39:49.865936+00:00,7518.104931,125.30174885
KXKLEAGUEGAME-25NOV09ULSSFC-SFC,2025-11-09T07:34:07.934351Z,0.3,11,yes,5fedef2f-6365-5a7b-772e-b9a2e75dde82,KXKLEAGUEGAME-25NOV09ULSSFC,Sports,2025-11-09T09:39:49.865936Z,2025-11-09 07:34:07.934351+00:00,2025-11-09 09:39:49.865936+00:00,7541.931585,125.69885975000001
KXKLEAGUEGAME-25NOV09ULSSFC-SFC,2025-11-09T07:34:07.934351Z,0.3,4,yes,5885005c-13f9-59e7-50f5-0296218d5ca9,KXKLEAGUEGAME-25NOV09ULSSFC,Sports,2025-11-09T09:39:49.865936Z,2025-11-09 07:34:07.934351+00:00,2025-11-09 09:39:49.865936+00:00,7541.931585,125.69885975000001
KXKLEAGUEGAME-25NOV09ULSSFC-SFC,2025-11-09T07:25:08.049244Z,0.29,32,yes,1f413415-ab01-72e4-df11-508f49411f41,KXKLEAGUEGAME-25NOV09ULSSFC,Sports,2025-11-09T09:39:49.865936Z,2025-11-09 07:25:08.049244+00:00,2025-11-09 09:39:49.865936+00:00,8081.816692,134.69694486666668
KXKLEAGUEGAME-25NOV09ULSSFC-SFC,2025-11-09T07:21:34.244448Z,0.29,16,yes,d8a0ba7b-0f6f-7012-9fff-805710b27868,KXKLEAGUEGAME-25NOV09ULSSFC,Sports,2025-11-09T09:39:49.865936Z,2025-11-09 07:21:34.244448+00:00,2025-11-09 09:39:49.865936+00:00,8295.621488,138.26035813333334
KXKLEAGUEGAME-25NOV09ULSSFC-SFC,2025-11-09T07:17:22.772827Z,0.29,39,yes,c416f080-6d17-6849-c25c-51bacec0a51d,KXKLEAGUEGAME-25NOV09ULSSFC,Sports,2025-11-09T09:39:49.865936Z,2025-11-09 07:17:22.772827+00:00,2025-11-09 09:39:49.865936+00:00,8547.093109,142.45155181666667
KXKLEAGUEGAME-25NOV09ULSSFC-SFC,2025-11-09T07:15:46.87792Z,0.29,65,yes,77470451-66fb-663d-5499-1ffd2bb2accd,KXKLEAGUEGAME-25NOV09ULSSFC,Sports,2025-11-09T09:39:49.865936Z,2025-11-09 07:15:46.877920+00:00,2025-11-09 09:39:49.865936+00:00,8642.988016,144.04980026666667
KXKLEAGUEGAME-25NOV09ULSSFC-SFC,2025-11-09T07:11:09.967849Z,0.29,3,yes,5252dac6-4e15-55fc-ab54-e6380c7c8794,KXKLEAGUEGAME-25NOV09ULSSFC,Sports,2025-11-09T09:39:49.865936Z,2025-11-09 07:11:09.967849+00:00,2025-11-09 09:39:49.865936+00:00,8919.898087,148.66496811666667
KXKLEAGUEGAME-25NOV09ULSSFC-SFC,2025-11-09T07:10:17.438751Z,0.29,32,yes,364b0402-8cb0-61e3-c374-1dad987acbad,KXKLEAGUEGAME-25NOV09ULSSFC,Sports,2025-11-09T09:39:49.865936Z,2025-11-09 07:10:17.438751+00:00,2025-11-09 09:39:49.865936+00:00,8972.427185,149.54045308333335
KXKLEAGUEGAME-25NOV09ULSSFC-SFC,2025-11-09T07:10:09.705197Z,0.29,164,yes,20133a5c-89a0-666f-7782-a687095202d5,KXKLEAGUEGAME-25NOV09ULSSFC,Sports,2025-11-09T09:39:49.865936Z,2025-11-09 07:10:09.705197+00:00,2025-11-09 09:39:49.865936+00:00,8980.160739,149.66934565000003
KXKLEAGUEGAME-25NOV09ULSSFC-SFC,2025-11-09T07:04:05.500664Z,0.29,164,yes,a093efa4-7d1a-4fec-60bd-dcd92cd6e99d,KXKLEAGUEGAME-25NOV09ULSSFC,Sports,2025-11-09T09:39:49.865936Z,2025-11-09 07:04:05.500664+00:00,2025-11-09 09:39:49.865936+00:00,9344.365272,155.73942119999998
KXKLEAGUEGAME-25NOV09ULSSFC-SFC,2025-11-09T06:50:47.363238Z,0.3,1,yes,2088552f-e4f9-7783-36d9-e4a44ff14681,KXKLEAGUEGAME-25NOV09ULSSFC,Sports,2025-11-09T09:39:49.865936Z,2025-11-09 06:50:47.363238+00:00,2025-11-09 09:39:49.865936+00:00,10142.502698,169.04171163333334
KXKLEAGUEGAME-25NOV09ULSSFC-SFC,2025-11-09T06:40:23.306611Z,0.27,8,yes,44b02f7c-cd44-627b-782d-4e8811141d8c,KXKLEAGUEGAME-25NOV09ULSSFC,Sports,2025-11-09T09:39:49.865936Z,2025-11-09 06:40:23.306611+00:00,2025-11-09 09:39:49.865936+00:00,10766.559325,179.44265541666667
KXKLEAGUEGAME-25NOV09ULSSFC-SFC,2025-11-09T06:40:23.306611Z,0.3,14,yes,2846d355-3d9b-6306-4fbf-d5aba3ec733e,KXKLEAGUEGAME-25NOV09ULSSFC,Sports,2025-11-09T09:39:49.865936Z,2025-11-09 06:40:23.306611+00:00,2025-11-09 09:39:49.865936+00:00,10766.559325,179.44265541666667
KXKLEAGUEGAME-25NOV09ULSSFC-SFC,2025-11-09T06:36:39.931897Z,0.27,3,yes,5b1cb753-a844-5673-dc4d-04f553069f30,KXKLEAGUEGAME-25NOV09ULSSFC,Sports,2025-11-09T09:39:49.865936Z,2025-11-09 06:36:39.931897+00:00,2025-11-09 09:39:49.865936+00:00,10989.934039,183.16556731666665
KXKLEAGUEGAME-25NOV09ULSSFC-SFC,2025-11-09T06:24:19.909725Z,0.27,3,yes,0fc515e7-c234-5d97-6ce8-3e660ef8b4dc,KXKLEAGUEGAME-25NOV09ULSSFC,Sports,2025-11-09T09:39:49.865936Z,2025-11-09 06:24:19.909725+00:00,2025-11-09 09:39:49.865936+00:00,11729.956211,195.49927018333335
